//NPC 위치 정보																					
//																					
//최초 작성:2005년 7월 9일 																					
//최종 작성	2010-11-24 17:12																				
//Version	1.0.2.3																				
//최종 작성자: 김준호	남준(쉬나이더위치변경)																				
		//0없음 1상점 2은행 3방생성 4제조 5경비 6워프 7 길드관리 8 길드전																			
		//9하급악세서리제조 10하급특수아이템제조 11상급악세서리제조 12상급특수아이템제조 13스톤제작 14퀘스트 15이벤트 16 미션랭킹관리자 17 개인상점리스트 18포인트랭킹 관리자 19냄비 20뱃지맨 21산타 22수정기둥 23워프2																			
//트링겔 NPC													//이동형NPC가이동할 위치 좌표								
//World.txt참조	//Field.txt 참조		//몬스터NPC 스크립트 참조	//0 회전 1 비회전					//NPC가 바라보는 방향의 위치			//0 정지형 1이동형 2랜덤형									
//MapCode	//MAP번호	NPC_TYPE	NPCID	회전 타입	표시타입	위치X좌표	위치Y좌표	위치Z좌표	바라볼위치X	바라볼위치Y	바라볼위치Z	//이동성향	이동할위치X	이동할위치Y	이동할위치Z	//랜덤으로돌아다닐때이동반경(m로체크)	직업텍스트	NPC아이콘인덱스	유닛번호		
MapCode	FieldID	NpcType	MonsterCode	RotateType	DisplayType	NPCPos_X	NPCPos_Y	NPCPos_Z	NPCDir_X	NPCDir_Y	NPCDir_Z	MoveType	MovePos_X	MovePos_Y	MovePos_Z	Range	JobStrID	NPCIconID	UnitID	FieldEnd	
10001	10001	3	62001	0	3	-53.1	30.5	-22.26	-53.1	26.92	-23.09	0	0	0	0	0	160001	45	0		//유베트(배틀존개설)
10001	10001	1	62002	0	3	-13.9	69.83	-24.53	-15.44	69.08	-24.55	0	0	0	0	0	160002	32	0		//이멜다(발키리상점)
10001	10001	2	62003	0	3	-1.72	47.96	-23.29	-3.86	44.85	-23.29	0	0	0	0	0	160005	46	0		//비요른(창고)
10001	10001	1	62004	0	3	-12.3	61.12	-24.76	-14.82	59.65	-24.69	0	0	0	0	0	160002	30	0		//노멀(버서커상점)
10001	10001	1	62005	0	3	-62.17	75.86	-25.19	-61.35	73.85	-25.25	0	0	0	0	0	160002	31	0		//파브카(드래곤나이트상점)
10001	10001	1	62006	0	3	-83.87	62.61	-26.08	-81.62	61	-25.85	0	0	0	0	0	160002	33	0		//워터레인(엘리멘탈리스트상점)
10001	10001	1	62007	0	3	-78.07	2.52	-24.1	-77.47	4.06	-25.06	0	0	0	0	0	160002	37	0		//드웨인(잡화상점)
//10001	10001	4	//62008	0	3							0	0	0	0	0	160003	35	0		//그리말디(조합)
10001	10001	5	62009	0	1	-77.94	-94.41	-24.09	-71.8	-93.86	-24.09	2	0	0	0	7	0	43	0		//티볼트(마을경비랜덤이동)
10001	10001	5	62011	0	1	-71.21	-104.76	-21.06	-71.34	-101.61	-21.99	0	0	0	0	0	0	43	0		//맬콤(마을경비)
10001	10001	5	62012	0	1	-82.87	-103.36	-21.06	-83.48	-99.62	-22.15	0	0	0	0	0	0	43	0		//맬콤(마을경비)
10001	10001	5	62013	0	1	33.74	-88.49	-14.85	29.11	-87.94	-14.95	1	3.19	-92.9	-19.63	0	0	43	0		//맬콤(마을경비이동형)
10001	10001	5	62014	0	1	33.74	-85.21	-14.75	26.86	-84.79	-15.1	1	3.24	-87.42	-20.09	0	0	43	0		//맬콤(마을경비이동형)
10001	10001	5	62015	0	1	30.44	2.49	-13.03	27.98	2.3	-13.44	0	0	0	0	0	0	43	0		//맬콤(마을경비)
10001	10001	5	62016	0	1	30.45	-13.1	-12.89	27.9	-13.2	-13.05	0	0	0	0	0	0	43	0		//맬콤(마을경비)
10001	10001	5	62017	0	1	-19.93	-13.03	-24.14	-23.98	-11.59	-24.13	0	0	0	0	0	0	43	0		//맬콤(마을경비_게시판옆)
10001	10001	5	62018	0	1	-59.23	47	-24.58	-59.14	51.52	-24.84	0	0	0	0	0	0	43	0		//맬콤(마을경비)
10001	10001	5	62019	0	1	7.55	115.59	-16.04	6.01	113.23	-16.05	0	0	0	0	0	0	43	0		//맬콤(마을경비)
10001	10001	3	62020	0	3	-103.52	-32.05	-26.21	-95.95	-31.3	-27.46	0	0	0	0	0	160001	45	0		//로렌(배틀존개설)
10001	10001	3	62021	0	3	23.48	-13.01	-12.37	19.78	-13.04	-12.99	0	0	0	0	0	160001	45	0		//세이나(배틀존개설)
10001	10001	1	62022	0	3	37.08	28.35	-11.85	33.19	27.57	-12.1	0	0	0	0	0	160002	37	0		//라만(잡화상점)
10001	10001	1	62023	0	3	25.72	51.79	-10.96	20.65	52.06	-10.65	0	0	0	0	0	160002	31	0		//드레이언(드래곤나이트상점)
10001	10001	1	62024	0	3	27.24	78.93	-11.17	24.71	78.3	-11.42	0	0	0	0	0	160002	33	0		//미노(엘리멘탈리스트상점)
10001	10001	1	62025	0	3	-125.83	16.7	-32.62	-121.65	14.93	-32.83	0	0	0	0	0	160002	32	0		//클레이(발키리상점)
10001	10001	1	62026	0	3	-116.61	31.56	-33.4	-119.66	29.82	-33.34	0	0	0	0	0	160002	30	0		//하르테(버서커상점)
//10001	10001	6	62027	0	3							0	0	0	0	0	160006	44	0		//네케르(마을이동)
10001	10001	7	62028	0	3	38.39	-1.59	-12.5	32.26	-1.73	-12.82	0	0	0	0	0	0	40	0		//아리스(길드관리인)
//10001	10001	0	63261	0	0	-6.06	113.03	-25.43	-10.06	112.66	-25.19	2	0	0	0	10	0	2	0		//토끼1(트링겔)
//10001	10001	0	63262	0	0	-3.84	106.7	-24.77	-4.31	102.16	-24.36	2	0	0	0	10	0	2	0		//토끼2(트링겔)
//10001	10001	0	63263	0	0	32.26	32.91	-11.99	33.33	29.52	-12.02	2	0	0	0	10	0	2	0		//토끼3(트링겔)
//10001	10001	0	63264	0	0	37.96	24.7	-11.83	35.5	26.95	-11.95	2	0	0	0	10	0	2	0		//토끼4(트링겔)
//10001	10001	0	63265	0	0	-102.76	-45.9	-26.69	-99.85	-49.46	-25.89	2	0	0	0	15	0	2	0		//닭1(트링겔)
//10001	10001	0	63266	0	0	-103.58	-41.78	-26.68	-103	-39	-26.75	2	0	0	0	15	0	2	0		//닭2(트링겔)
//10001	10001	0	63267	0	0	-124.51	17.7	-32.75	-122.77	17.88	-32.84	2	0	0	0	15	0	2	0		//닭3(트링겔)
10001	10001	0	63268	0	0	-123.64	22.95	-32.88	-123.45	26.27	-32.96	2	0	0	0	15	0	2	0		//닭4(트링겔)
//10001	10001	0	63269	0	0	50.23	21.83	-10.28	44.93	19.93	-11.58	2	0	0	0	15	0	2	0		//산양(트링겔)
10001	10001	3	62177	0	3	54.48	-94.63	-10.97	51.46	-92.73	-11.67	0	0	0	0	0	160001	45	0		//벨리타(방생성)
10001	10001	4	62029	0	3	-125.65	60.75	-33.3	-122.01	59.19	-33.42	0	0	0	0	0	160003	35	0		//이스로게(제조)
10001	10001	4	62030	0	3	-114.93	72.72	-33.16	-113.48	69.53	-33.41	0	0	0	0	0	160004	36	0		//케르텐(특수아이템제조)
10001	10001	14	63810	0	3	-44.43	26.35	-24.68	-43.84	25.41	-24.73	0	0	0	0	0	0	47	0		//경비대장본헤를링(퀘스트)
10001	10001	14	63812	0	3	79.89	-104.31	-10	77.89	-103.16	-10	0	0	0	0	0	0	47	0		//알론카터(도서관지기)(퀘스트)
//10001	10001	15	63901	0	3	-47.1	36.07	-22.26	-41.5	37.7	-24.69	0	0	0	0	0	0	41	0		//연금술사아인(이벤트)
10001	10001	14	63814	0	3	27.81	99.99	-11.9	27.12	96.31	-12.02	0	0	0	0	0	0	41	0		//란트하츠(원로원트링겔지부)
10001	10001	14	63817	0	3	-14.53	-24.77	-23.54	-15.32	-25.38	-23.53	0	0	0	0	0	0	41	0		//로젠펠트(파견 마법사)
10001	10001	14	63813	0	3	22.78	4.98	-14.19	19.99	4.12	-14.59	0	0	0	0	0	0	41	0		//발첸(용병 길드원)
10001	10001	5	62040	0	1	-59.25	116.77	-33.91	-59.32	115.2	33.82	0	0	0	0	0	0	43	0		//트링겔경비병
10001	10001	5	62041	0	1	-63.32	117.34	-34.06	-63.48	116.44	-34.01	0	0	0	0	0	0	43	0		//트링겔경비병
10001	10001	5	62042	0	1	-37.4	101.9	-25.8	-37.39	95.46	-25.81	0	0	0	0	0	0	43	0		//트링겔경비병(게시판옆)
10001	10001	16	62044	0	3	-124.67	-97.82	-21.45	-121.72	-97.59	-21.78	0	0	0	0	0	0	41	0		//말론(미션랭킹관리자)
10001	10001	17	62045	1	3	-19.82	-11.42	-24.25	-25.16	-11.21	-24.08	0	0	0	0	0	0	37	0		//개인상점리스트(트링겔)
//10001	10001	18	62046	0	3	-127.2	-88.49	-21.56	-122.93	-88.42	-21.69	0	0	0	0	0	0	41	0		//데커드(포인트랭킹관리자)
//10001	10001	8	62048	0	3	38.07	-8.96	-12.5	33.31	-8.98	-12.5	0	0	0	0	0	0	40	0		//길드전 관리자(길드전 관리자)
10001	10001	2	62110	0	3	-9.95	-105.34	-18.86	-10.22	-102.37	-19.67	0	0	0	0	0	160005	46	0		//랄프(트링겔추가창고)
10001	10001	1	62111	0	3	-1.93	-104.63	-18.86	-2.68	-101.63	-39.63	0	0	0	0	0	160002	37	0		//슈토르(트링겔추가잡화)
10001	10001	17	62112	1	3	-32.96	101.29	-25.79	-33.43	92.96	-25.51	0	0	0	0	0	0	37	0		//개인상점게시판(트링겔추가)
10001	10001	1	62050	0	3	-92.42	41.42	-24.3	-90.74	41.48	-24.7	0	0	0	0	0	160002	34	0		//고다드(섀도우상점)
10001	10001	1	62117	0	3	-130.1	42.05	-33.42	-126.61	42.04	-33.42	0	0	0	0	0	160002	34	0		//도허티(섀도우상점)
10001	10001	1	65423	0	3	4.84	34.7	-23.14	-4.08	24.65	-23.11	0	0	0	0	0	0	47	0		//비밀요원미셸(랜덤)_비밀상점_트링겔
//에텔레인NPC위치																					
10003	10003	1	62051	0	3	127.07	83.13	78.84	132.03	84.46	78.84	0	0	0	0	0	160002	30	0		//니힐(버서커상인)
10003	10003	1	62052	0	3	197.56	433.62	39.57	198.52	429.34	39.57	0	0	0	0	0	160002	30	0		//오터(버서커상인)
10003	10003	1	62053	0	3	435.3	713.55	31.66	434.7	710.88	31.66	0	0	0	0	0	160002	30	0		//클라우드(버서커상인)
10003	10003	1	62054	0	3	544.35	77.68	79.01	542.45	78.69	79.01	0	0	0	0	0	160002	31	0		//나훔(드래곤상인)
10003	10003	1	62055	0	3	449.69	362.27	39.57	450.02	358.48	39.57	0	0	0	0	0	160002	31	0		//오비스(드래곤상인)
10003	10003	1	62056	0	3	271.48	744.79	31.66	271.18	740.13	31.66	0	0	0	0	0	160002	31	0		//세페르(드래곤상인)
10003	10003	1	62057	0	3	169.16	66.11	78.84	172.26	67.57	78.84	0	0	0	0	0	160002	32	0		//라비나(발키리상인)
10003	10003	1	62058	0	3	223.37	364.33	39.57	225.01	361.34	39.57	0	0	0	0	0	160002	32	0		//안나(발키리상인)
10003	10003	1	62059	0	3	408.42	750.01	32.03	408.69	745.75	32.03	0	0	0	0	0	160002	32	0		//아샤(발키리상인)
10003	10003	1	62060	0	3	582.43	97.51	78.84	580.15	98.44	78.84	0	0	0	0	0	160002	33	0		//베스티아(엘리상인)
10003	10003	1	62061	0	3	470.92	412.62	39.64	468.31	410.46	39.64	0	0	0	0	0	160002	33	0		//아리에스(엘리상인)
10003	10003	1	62062	0	3	231.49	706.2	32.03	233.14	703.84	31.66	0	0	0	0	0	160002	33	0		//시렌(엘리상인)
//10003	10003	4	62063	0	3	517.39	63.88	79.01	516.31	67.56	79.01	0	0	0	0	0	160003	35	0		//딕(조합)
//10003	10003	4	62064	0	3	387.11	328.47	39.79	386.06	331.55	39.89	0	0	0	0	0	160003	35	0		//엘린(조합)
10003	10003	3	62065	0	3	338.52	157.22	78.84	338.19	167.76	78.84	0	0	0	0	0	160001	45	0		//고트폴드(방생성)
10003	10003	3	62066	0	3	338.47	396.71	43.1	338.46	392.98	43.04	0	0	0	0	0	160001	45	0		//슈제트(방생성)
10003	10003	3	62067	0	3	338.24	700.36	32.03	338.89	708.13	32.03	0	0	0	0	0	160001	45	0		//하버(방생성)
10003	10003	1	62068	0	3	252.82	44.59	79.01	255.58	48.24	78.84	0	0	0	0	0	160002	37	0		//비토(잡상인)
10003	10003	1	62069	0	3	287.3	329.24	39.79	289.05	329.27	39.79	0	0	0	0	0	160002	37	0		//멜리나(잡상인)
10003	10003	1	62070	0	3	362.51	765.26	32.03	360.05	762.54	31.66	0	0	0	0	0	160002	37	0		//네르바(잡상인)
10003	10003	2	62071	0	3	338.46	465.65	39.68	337.99	462.6	39.68	0	0	0	0	0	160005	46	0		//빌트(창고지기)
10003	10003	2	62072	0	3	428.91	44.46	79.01	427.4	45.49	79.01	0	0	0	0	0	160005	46	0		//실비아(창고지기)
10003	10003	5	62073	0	1	343.79	23.76	78.84	343.79	27.28	78.84	0	0	0	0	0	0	43	0		//맬콤(마을경비)
10003	10003	5	62074	0	1	332.77	23.84	78.84	332.69	27.81	78.84	0	0	0	0	0	0	43	0		//맬콤(마을경비)
10003	10003	5	62075	0	1	405.5	407.94	39.64	413.14	406.97	39.64	2	0	0	0	7	0	43	0		//맬콤(마을경비랜덤이동형)
10003	10003	5	62076	0	1	222.63	426.75	39.64	224	436.11	39.64	2	0	0	0	7	0	43	0		//맬콤(마을경비랜덤이동형)
10003	10003	5	62077	0	1	341.55	533.35	41.64	316.74	530.55	41.64	0	0	0	0	0	0	43	0		//맬콤(마을경비)
10003	10003	5	62078	0	1	361.76	532.78	41.64	360.05	530.4	41.64	0	0	0	0	0	0	43	0		//맬콤(마을경비)
10003	10003	5	62079	0	1	560.21	211.66	78.84	558.33	210.64	78.84	0	0	0	0	0	0	43	0		//맬콤(마을경비)
10003	10003	5	62080	0	1	563.12	206.14	78.84	561.19	204.82	78.84	0	0	0	0	0	0	43	0		//맬콤(마을경비)
10003	10003	5	62081	0	1	332.02	561.13	115.62	332	559.01	115.39	0	0	0	0	0	0	43	0		//맬콤(마을경비)
10003	10003	5	62082	0	1	343.81	560.97	115.62	343.59	558.84	115.39	0	0	0	0	0	0	43	0		//맬콤(마을경비)
10003	10003	5	62083	0	1	615.57	106.93	79.05	615.36	110.31	79.05	0	0	0	0	0	0	43	0		//맬콤(마을경비)
10003	10003	5	62084	0	1	81.67	122	78.84	76.61	116.68	78.84	0	0	0	0	0	0	43	0		//맬콤(마을경비)
10003	10003	5	62085	0	1	348.07	203.84	76.14	348.15	210.63	74.03	1	348.55	288.75	49.76	0	0	43	0		//맬콤(마을경비이동형)
10003	10003	5	62086	0	1	351.21	203.82	76.15	351.77	216.1	72.33	1	352.16	289.21	49.61	0	0	43	0		//맬콤(마을경비이동형)
10003	10003	5	62087	0	1	354.32	43.16	78.84	345	43.14	78.84	1	315.82	42.57	78.84	0	0	43	0		//맬콤(마을경비이동형)
10003	10003	5	62088	0	1	316.68	53.3	78.84	329.25	53.86	78.84	1	355.99	53.75	78.84	0	0	43	0		//맬콤(마을경비이동형)
//10003	10003	6	62089	0	3	118.71	217.5	78.84	124.81	214.16	78.84	0	0	0	0	0	160006	44	0		//펠리체(마을이동)
//10003	10003	6	62090	0	3	338.53	419.38	43.1	338.42	425.23	42.32	0	0	0	0	0	160006	44	0		//에리츠(마을이동)
10003	10003	7	62091	0	3	565.78	203.44	78.84	563.19	202.02	78.84	0	0	0	0	0	0	40	0		//로베르트(길드관리인)
10003	10003	7	62092	0	3	360.61	568.12	115.19	360.41	565.14	115.19	0	0	0	0	0	0	40	0		//이리스(길드관리인)
//10003	10003	8	62093	0	3	557.86	214.9	78.84	554.77	213	78.84	0	0	0	0	0	0	39	0		//스트라도(길드전)
//10003	10003	8	62094	0	3	351.8	561.53	115.19	353.58	555.64	114.79	0	0	0	0	0	0	39	0		//율리에(길드전)
//10003	10003	0	63251	0	0	255.92	741.75	32.03	255.77	739.29	32.03	1	260.02	725.3	31.66	10	0	2	0		//고양이(어미1)
//10003	10003	0	63252	0	0	393.4	374.85	39.57	398.75	381.9	39.57	2	0	0	0	10	0	2	0		//고양이(어미2)
//10003	10003	0	63253	0	0	497.72	578.68	44.41	501.55	580.79	44.41	2	0	0	0	10	0	2	0		//고양이(어미3)
//10003	10003	0	63254	0	0	418.88	46.41	78.84	421.3	48.76	78.84	2	0	0	0	10	0	2	0		//고양이(어미4)
//10003	10003	0	63255	0	0	271.07	732.26	31.66	273.56	733.07	31.66	2	0	0	0	10	0	2	0		//고양이(어미5)
//10003	10003	0	63256	0	0	257.08	741.32	32.03	257.57	739.29	32.03	1	261.79	725.66	31.66	10	0	2	0		//고양이(새끼1)
//10003	10003	0	63257	0	0	447.3	681.29	31.66	440.03	679.37	31.66	2	0	0	0	10	0	2	0		//고양이(새끼2)
//10003	10003	0	63258	0	0	176.55	579.04	44.41	176.44	574.38	44.41	2	0	0	0	10	0	2	0		//고양이(새끼3)
//10003	10003	0	63259	0	0	113.75	195.44	78.84	110.86	198.09	78.84	2	0	0	0	10	0	2	0		//고양이(새끼4)
//10003	10003	0	63260	0	0	318.12	706.92	32.03	319.32	710	32.03	2	0	0	0	10	160012	2	0		//고양이(새끼5)
10003	10003	4	62095	0	3	383.87	329.6	39.79	383.87	331.6	39.79	0	0	0	0	0	160003	36	0		//한넨(강화)
10003	10003	4	62096	0	3	388.53	329.91	39.79	388.53	331.91	39.79	0	0	0	0	0	160004	35	0		//아르벤헤노(상급악세서리제조)
10003	10003	4	62097	0	3	305.02	763.62	32.03	305.02	761.62	32.03	0	0	0	0	0	160004	35	0		//라르도헨(상급특수아이템제조)
10003	10003	4	62098	0	3	317.35	765.48	32.03	317.35	763.48	32.03	0	0	0	0	0	160004	35	0		//헬바름(스톤제작)
10003	10003	16	62105	0	3	377.12	550.33	41.64	385.59	537.88	39.49	0	0	0	0	0	0	41	0		//빈텐(미션랭킹관리자)
10003	10003	16	62106	0	3	71.28	109.18	79.01	75.64	113.14	78.84	0	0	0	0	0	0	41	0		//앨런우드(미션랭킹관리자)
10003	10003	5	64007	0	1	545.03	551.97	44.41	544.59	548.69	44.41	1	542.56	525.38	44.41	0	0	43	0		//에텔레인 성문 경비병1(순찰)
10003	10003	5	64008	0	1	538.65	525.68	44.41	538.63	528.54	44.41	1	540.6	552.27	44.41	0	0	43	0		//에텔레인 성문 경비병2(순찰)
10003	10003	17	62107	1	3	339.08	192.9	78.83	339.07	191.14	78.83	0	0	0	0	0	0	37	0		//개인상점게시판(에텔레인1)
10003	10003	17	62108	1	3	328.38	472.95	39.64	328.66	470.61	39.64	0	0	0	0	0	0	37	0		//개인상점게시판(에텔레인2)
//10003	10003	18	62109	0	3	55.24	113.67	79.05	65.32	118.41	78.84	0	0	0	0	0	0	41	0		//유르켄(포인트랭킹관리자)
//10003	10003	8	62049	0	3	329.85	416.8	43.1	323.61	423.55	41.7	0	0	0	0	0	0	40	0		//길드전 관리자(길드전 관리자)
10003	10003	4	62113	0	3	511.58	64.03	79.01	511.58	66.03	79.01	0	0	0	0	0	160003	36	0		//셔틀워스(강화)
10003	10003	4	62114	0	3	516.48	66.03	79.01	516.48	68.03	79.01	0	0	0	0	0	160003	35	0		//번스테인(조합)
10003	10003	2	62115	0	3	367.19	709.04	32.03	367.19	711.04	32.03	0	0	0	0	0	160005	46	0		//월버그(창고)
10003	10003	17	62116	1	3	339.32	743.23	31.66	339.32	741.23	31.66	0	0	0	0	0	0	37	0		//개인상점게시판(에텔레인추가)
10003	10003	1	62118	0	3	268.08	36.76	79.01	267.61	41.23	79.01	0	0	0	0	0	160002	34	0		//프랜시스(섀도우상점)
10003	10003	1	62119	0	3	367.8	323.66	39.79	367.77	326.6	39.79	0	0	0	0	0	160002	34	0		//베르나르(섀도우상점)
10003	10003	1	62120	0	3	254.36	737.61	32.03	256.14	735.53	32.03	0	0	0	0	0	160002	34	0		//가브리엘(섀도우상점)
10003	10003	1	65425	0	3	351.01	356.35	39.68	352.01	345.91	39.67	0	0	0	0	0	0	47	0		//비밀요원미세아(랜덤)_비밀상점_에텔레인
//벨트헨NPC																					
//벨트헨마을이동NPC위치가지정																					
//10002	10002	6	62179	0	3	116	92.17	11.44	109.46	95.97	11.32	0	0	0	0	0	160006	44	0		//이리안(마을이동)
10002	10002	3	62151	0	3	82.83	89.73	12.29	84.32	92.4	11.46	0	0	0	0	0	160001	45	0		//베르타(배틀존개설)
10002	10002	1	62152	0	3	87.78	200.8	13.51	87.98	202.48	13.51	0	0	0	0	0	160002	32	0		//아나스(발키리상점)
10002	10002	2	62153	0	3	130	151.3	14.24	133.14	151.96	14.36	0	0	0	0	0	160005	46	0		//마티(창고)
10002	10002	1	62154	0	3	101.52	188.68	13.18	101.81	192.73	13.44	0	0	0	0	0	160002	30	0		//루츠(버서커상점)
10002	10002	1	62155	0	3	94.8	228.35	13.28	93.77	226.57	13.53	0	0	0	0	0	160002	31	0		//아비스(드래곤나이트상점)
10002	10002	1	62156	0	3	67.35	233.91	11.77	69.84	230.46	12.06	0	0	0	0	0	160002	33	0		//미스텔(엘리멘탈리스트상점)
10002	10002	1	62157	0	3	162.88	129.2	15.86	163.3	131	15.85	0	0	0	0	0	160002	37	0		//우도(잡화상점)
//10002	10002	4	62158	0	3	175.47	160.53	16	172.67	160.76	15.98	0	0	0	0	0	160003	35	0		//슈마커(제조)
10002	10002	5	62159	0	1	111.06	83.18	11.4	111.35	84.95	11.41	0	0	0	0	0	0	43	0		//맬콤(마을경비)
10002	10002	5	62160	0	1	104.75	88.82	11.39	100.86	91.31	11.37	1	85.23	95.15	11.44	0	0	43	0		//맬콤(마을경비이동형)
10002	10002	5	62161	0	1	126.16	199.91	30.51	126.16	201.78	30.51	0	0	0	0	0	0	43	0		//맬콤(마을경비)
10002	10002	5	62162	0	1	125.15	230.37	30.51	124.8	227.05	30.51	1	136.28	218.06	29.76	0	0	43	0		//맬콤(마을경비이동형)
10002	10002	5	62163	0	1	97.29	92.39	11.38	98.89	99.2	11.23	2	0	0	0	7	0	43	0		//맬콤(마을경비랜덤이동)
10002	10002	5	62164	0	1	231.74	97.87	47.65	228.71	98.85	46.61	1	219.64	98.44	41.35	0	0	43	0		//맬콤(마을경비이동형)
10002	10002	5	62165	0	1	218.99	94.56	41.08	223.77	95.95	43.83	1	232.18	94.29	47.96	0	0	43	0		//맬콤(마을경비이동형)
10002	10002	5	62166	0	1	86.89	130.48	10.71	88.87	134.16	8.52	1	99.06	144.45	8.52	0	0	43	0		//맬콤(마을경비이동형)
10002	10002	5	62167	0	1	235.93	107.42	48.63	230.86	105.04	47.36	0	0	0	0	0	0	43	0		//맬콤(마을경비)
10002	10002	3	62168	0	3	122.28	188.56	14.75	122.51	184.84	13.94	0	0	0	0	0	160001	45	0		//헬가(배틀존개설)
//10002	10002	3	62169	0	3	181.42	266.65	41.81	181.56	262.96	41.13	0	0	0	0	0	160001	45	0		//잉그리트(배틀존개설)
10002	10002	1	62170	0	3	240.52	222.05	48.96	222.54	220.38	48.49	0	0	0	0	0	160002	37	0		//지볼트(잡화상점)
10002	10002	1	62171	0	3	226.83	238.57	48.6	225.47	236.89	48.37	0	0	0	0	0	160002	31	0		//코르닉스(드래곤나이트상점)
10002	10002	1	62172	0	3	235.64	228.45	49.27	234.27	227.82	49.21	0	0	0	0	0	160002	33	0		//세르(엘리멘탈리스트상점)
10002	10002	1	62173	0	3	237.23	204.92	48.72	234.6	205.19	48.71	0	0	0	0	0	160002	32	0		//페니체(발키리상점)
10002	10002	1	62174	0	3	236.32	167.17	49.11	235.48	167.25	49.1	0	0	0	0	0	160002	30	0		//리제(버서커상점)
10002	10002	7	62176	0	3	190.9	209.77	21.81	188.8	206.6	21.05	0	0	0	0	0	0	40	0		//에리스(길드관리인)
//10002	10002	0	63270	0	0	246.59	134.87	49.09	243.43	133.13	49.01	2	0	0	0	15	0	2	0		//토끼1(벨트헨)
//10002	10002	0	63271	0	0	248.42	122.44	48.92	242.02	124.18	48.84	2	0	0	0	15	0	2	0		//토끼2(벨트헨)
//10002	10002	0	63272	0	0	152.29	187.53	15.57	154.35	189.74	15.73	2	0	0	0	15	0	2	0		//토끼3(벨트헨)
//10002	10002	0	63273	0	0	154.63	196.69	15.86	152.15	198.53	15.83	2	0	0	0	15	0	2	0		//토끼4(벨트헨)
//10002	10002	0	63274	0	0	68.11	102.45	11.59	69.38	103.52	11.59	2	0	0	0	15	0	2	0		//닭(벨트헨)
//10002	10002	0	63275	0	0	83.1	208.45	13.5	84.4	208.46	13.5	2	0	0	0	15	0	2	0		//닭(벨트헨)
//10002	10002	0	63276	0	0	80.57	209.33	13.28	82.49	212.15	13.45	2	0	0	0	15	0	2	0		//닭(벨트헨)
//10002	10002	0	63277	0	0	185.62	214.79	21.9	183.82	217.16	21.85	2	0	0	0	15	0	2	0		//닭(벨트헨)
//10002	10002	0	63278	0	0	191.41	262.28	41.64	188.34	260.23	41.48	2	0	0	0	15	160010	2	0		//산양(벨트헨)
10002	10002	3	62178	0	3	242.58	128.38	49.77	239.48	130.23	48.92	0	0	0	0	0	160001	45	0		//에델린(방생성)
10002	10002	4	62180	0	3	51.7	117.98	11.54	55.02	118.23	11.57	0	0	0	0	0	160003	36	0		//빌로트(강화)
10002	10002	4	62181	0	3	233.71	148.92	49	231.33	149.13	48.98	0	0	0	0	0	160004	35	0		//기란드로(악세서리제조)
10002	10002	14	63811	0	3	104.32	84.54	11.39	102.49	89.44	11.38	0	0	0	0	0	0	47	0		//경비대장본카를로안(퀘스트)
//10002	10002	15	63902	0	3	129.11	190.36	13.88	129.93	188.97	13.83	0	0	0	0	0	0	41	0		//연금술사아인(이벤트)
10002	10002	14	63815	0	3	183.61	222.15	21.81	180.35	219.68	21.8	0	0	0	0	0	0	41	0		//란테(원로원벨트헨지부)
10002	10002	14	63816	0	3	178.39	167.18	16.01	175.15	167.55	15.99	0	0	0	0	0	0	41	0		//이르한나(클랜소속원)
10002	10002	16	62189	0	3	188.66	184.04	16.28	187.05	184.51	16.24	0	0	0	0	0	0	41	0		//그레이엄(미션랭킹관리자)
10002	10002	17	62190	1	3	53.35	112.63	11.57	55.58	113.82	11.59	0	0	0	0	0	0	37	0		//개인상점게시판(벨트헨)
//10002	10002	18	62191	0	3	187.6	181.96	16	187.05	184.51	16.24	0	0	0	0	0	0	41	0		//알렌(포인트랭킹관리자)
//10002	10002	8	62047	0	3	156.14	158.64	15.87	157.25	156.03	15.88	0	0	0	0	0	0	40	0		//길드전 관리자(길드전 관리자)
10002	10002	4	62192	0	3	237.84	155.52	49.05	232.86	155.79	47.02	0	0	0	0	0	160003	36	0		//안세(강화)
10002	10002	4	62193	0	3	49.93	129.39	11.48	54.12	129.9	11.52	0	0	0	0	0	160003	35	0		//호빈(제조)
10002	10002	2	62194	0	3	240.53	176.06	49.09	232.61	177.18	49.01	0	0	0	0	0	160005	46	0		//도르(창고)
10002	10002	17	62195	1	3	173.11	200.63	16.34	178.19	198.04	16.94	0	0	0	0	0	0	37	0		//개인상점게시판(벨트헨)
10002	10002	1	62197	0	3	241.5	189.24	48.95	240.62	189.08	48.94	0	0	0	0	0	160002	34	0		//아르노트(섀도우상점)
10002	10002	1	62196	0	3	78.58	234.32	11.96	78.58	232.13	12.24	0	0	0	0	0	160002	34	0		//디브딘(섀도우상점)
10002	10002	1	65424	0	3	77.75	218.51	12.96	89.53	213.08	13.51	0	0	0	0	0	0	47	0		//비밀요원나리샤(랜덤)_비밀상점_벨트헨
//필드맵NPC																					
//야수숲1																					
3	3	0	63751	0	0	57.87	-52.14	-2.17	54.15	-50.55	-2.35	0	0	0	0	0	0	41	0		//순찰자메릴레인
3	3	1	63752	0	3	-29.12	90.39	9.06	-27.04	88.95	9.06	0	0	0	0	0	0	37	0		//주술사코르밋
3	1	0	63753	0	0	-135.62	383.43	27.68	-133.57	383.49	27.67	0	0	0	0	0	0	41	0		//순찰자율리네
//지하수로 																					
8	5	0	63754	0	0	304.85	221.84	14.83	295.42	217.24	37.81	0	0	0	0	0	0	41	0		//부단장셀레나(필드)
8	505	0	63755	0	0	86.2	99	33.28	84.81	97.06	33.49	0	0	0	0	0	0	41	0		//부단장셀레나(보스룸)
8	5	1	63756	0	3	81.74	137.06	12.31	81.72	132.97	12.31	0	0	0	0	0	0	41	0		//보급대원테드
8	5	0	63757	0	0	139.07	331.52	9.01	41.03	330.22	9.01	0	0	0	0	0	0	41	0		//단원마르틴
8	5	0	63758	0	0	60.76	61.11	11.02	60.97	58.21	10.36	2	0	0	0	5	0	41	0		//기사엘딘
//필드맵메인미션NPC																					
//야수들의숲																					
1	1	0	63759	0	0	-145.45	109.09	5.96	-142.21	102.79	6.38	0	0	0	0	0	0	41	0		//카렌(정찰대원)
1	2	0	63760	0	0	-3.58	-75.22	-3.83	-8.66	-79.01	-3.68	0	0	0	0	0	0	41	0		//유터(피난민)
1	2	1	63761	0	3	-27.03	37.39	-0.84	-30.29	40.82	-1	2	0	0	0	3	160002	37	0		//클레어(잡화상인)
1	3	0	63762	0	0	-1.89	-72.56	-2.8	1.15	-69.1	-3.11	0	0	0	0	0	0	41	0		//일레나(정찰대원)
//1	3	0	63763	0	0	41.04	-19.32	-2.25	39.44	-18.32	-2.26	0	0	0	0	0	0	41	0		//맥스(선발대원)
//퀘스트NPC																					
20004	20004	14	63808	0	3	151.25	234.99	31.91	150.25	235.61	31.84	0	0	0	0	0	0	47	0		//보초대장크롬(퀘스트)
20004	20004	14	63809	0	3	135.45	444.03	50.1	136.43	445.64	49.97	0	0	0	0	0	0	47	0		//보초대장바크헨(퀘스트)
10003	10003	14	63818	0	3	338.17	538.98	41.64	338.78	531.7	41.64	0	0	0	0	0	0	41	0		//경비대장 론켄 본 미하엘(에텔레인)
20004	20004	14	63819	0	3	1932.19	641.92	113.65	1925.5	638.69	112.28	0	0	0	0	0	0	41	0		//보초대장 아르한(에텔레인)
20004	20004	14	63821	0	3	468.5	426.69	59.3	467.07	427.33	59.31	0	0	0	0	0	0	47	0		//경비대장하인리히(퀘스트필드)
20004	20004	14	63820	0	3	372.67	164.17	26.15	373.48	166.58	26.82	0	0	0	0	0	0	47	0		//수집광 에드문트 지거(퀘스트필드)
20005	20005	14	63822	0	3	456.3	336.81	26.65	455.22	333.35	26.4	0	0	0	0	0	0	47	0		//정찰대장 한셀 골덴부르크(퀘스트필드)
20001	20001	14	63801	0	3	-122.07	366.11	28.42	-124.91	365.51	28.01	0	0	0	0	0	0	47	0		//마르티나(퀘스트)
20104	20104	14	63823	0	3	167.86	407.84	107.61	170.83	403.68	106.74	0	0	0	0	0	0	47	0		//지하수로관리인한센(퀘스트)
20101	20101	14	63824	0	3	50.67	190.93	16.27	49.78	188.17	16.3	0	0	0	0	0	0	47	0		//수도관리국직원마르크(퀘스트)
20103	20103	14	63825	0	3	275.53	121.8	7.06	270.4	119.29	7.06	0	0	0	0	0	0	47	0		//해방군정찰병아힘(퀘스트)
20106	20106	14	63803	0	3	464.88	517.8	15.79	463.19	511.11	15.78	0	0	0	0	0	0	47	0		//의원지그문트(퀘스트)
20005	20005	14	63827	0	3	318.22	144.36	23.17	319.26	144.21	22.96	0	0	0	0	0	0	47	0		//윰바바(퀘스트)
20004	20004	14	63828	0	3	246.32	169.33	25.62	243.99	170.25	25.81	0	0	0	0	0	0	47	0		//어부피셔만(퀘스트)
20105	20105	14	63829	0	3	70.82	319.56	39.7	75.37	313.97	39.7	0	0	0	0	0	0	41	0		//지하수로감시병폴머
20105	20105	14	63830	1	0	343.58	253.19	25.48	340.37	257.71	25.48	0	0	0	0	0	0	41	0		//전령의시체
1	3	14	63831	1	0	-22.74	34.6	2.86	-19.22	33.67	2.86	0	0	0	0	0	0	41	0		//정찰병의시체
20204	20204	14	63832	1	0	263.45	-95.7	20.49	260.72	-96.02	20.43	0	0	0	0	0	0	43	0		//제국군의 작전지도
20204	20204	14	63833	0	3	303.79	-689.85	48.66	303.73	-688.12	48.5	0	0	0	0	0	0	47	0		//늑대바위 초소 고참병 아놀드
20204	20204	14	63834	0	3	-55.89	-690.08	22.41	-55.94	-687.31	22.28	0	0	0	0	0	0	47	0		//설원 전진기지 대장 파울 
20204	20204	14	63835	0	3	-331.27	-286.82	19.09	-331.43	-289.05	19	0	0	0	0	0	0	47	0		//수정호수 정찰대장 하트윈
10003	10003	14	63836	0	3	544.88	543.81	44.41	539.95	543.94	44.41	0	0	0	0	0	0	47	0		//에텔레인 성문경비대장 알칸
9	19	14	63837	0	3	192.68	146.62	16	192.46	153.34	15.98	0	0	0	0	0	0	47	0		//하넬로네
9	19	14	63838	0	3	254.41	291.9	14.31	231.92	282.67	15.79	0	0	0	0	0	0	47	0		//바스티안
//10001	10001	14	63839	0	3	-16.23	12.45	-23.94	-18.53	13.18	-24.09	0	0	0	0	0	0	47	0		//크리스마스용품판매상인마리엔펠데
7	5	14	63880	0	3	85.36	417.2	0.12	84.62	424.31	0.23	0	0	0	0	0	0	47	0		//인실리아 게네리스
7	5	14	63881	1	3	30.47	198.36	9.6	34.85	194.22	9.6	0	0	0	0	0	0	47	0		//제국군 잠입병시체
7	506	14	63882	1	3	56.67	50.52	11.14	58.54	44.21	11.14	0	0	0	0	0	0	47	0		//원로회의 연구원
20204	20204	14	63871	1	3	-388.51	-621.98	20.1	-387.65	-633.58	20.32	0	0	0	0	0	0	47	0		//탈영병엔켈
20201	20201	14	63872	1	3	89.97	112.84	39.71	92.42	120.09	38.7	0	0	0	0	0	0	47	0		//탈영병휘테커
20201	20201	14	63873	0	3	340.29	188.05	35.32	341.79	176.8	33.91	0	0	0	0	0	0	47	0		//은둔자멜리스
20201	20201	14	63874	0	3	365.55	391.31	39.84	352.02	393.75	40.69	0	0	0	0	0	0	47	0		//클라우디아
10003	10003	14	63875	0	3	287.03	755.15	32.03	317.67	714.21	32.03	0	0	0	0	0	0	47	0		//학자 마시
20005	20005	14	65054	0	3	129.35	460.27	46.5	130.29	459.94	46.49	0	0	0	0	0	0	47	0		//현자 프리츠
20005	20005	14	64020	0	3	211.12	154.52	37.7	212.3	157.83	37.7	0	0	0	0	0	0	47	0		//연금술사 제르니케
//자피르호수																					
20004	20004	5	62031	0	1	132.45	255.33	32.97	143.64	244.68	30.78	0	0	0	0	0	0	43	0		//트링겔경비병1(고정)
//20004	20004	5	62032	0	1	125.16	710.86	120.1	127.07	710.46	119.88	0	0	0	0	0	0	43	0		//트링겔경비병2(고정)
//20004	20004	5	62033	0	1	146.08	703.02	120.5	149.08	706.02	120.5	1	272.9	741.77	120.19	0	0	43	0		//트링겔보초병1(순찰)
//20004	20004	5	62034	0	1	282.35	741.31	121.57	285.81	749.34	119.65	1	350.66	796.14	110.14	0	0	43	0		//트링겔보초병2(순찰)
//20004	20004	5	62035	0	1	276.34	748.58	119.44	278.77	754.95	118.37	1	348	801.89	109.15	0	0	43	0		//트링겔보초병3(순찰)
//20004	20004	5	62036	0	1	384.7	788.11	117.59	385.73	792.8	115.41	2	0	0	0	10	0	43	0		//트링겔보초병4(랜덤)
//20004	20004	5	62037	0	1	368.62	788.36	114.89	365.5	794.37	111.47	2	0	0	0	10	0	43	0		//트링겔보초병5(랜덤)
//20004	20004	5	62038	0	1	405.88	809.08	109.85	414.37	814.18	109.13	2	0	0	0	10	0	43	0		//트링겔보초병6(랜덤)
//20004	20004	5	62039	0	1	393.13	824.19	108.35	400.56	827.08	107.71	2	0	0	0	10	0	43	0		//트링겔보초병7(랜덤)
20004	20004	5	62182	0	1	148.12	462.57	50.83	145.03	454.82	46.62	0	0	0	0	0	0	43	0		//벨트헨경비병1(고정)
//20004	20004	5	62183	0	1	367.86	1376.2	118.01	369.67	1371.29	117.81	0	0	0	0	0	0	43	0		//벨트헨경비병2(고정)
//20004	20004	5	62184	0	1	372.16	1355	117.79	378.2	1343.9	118.85	1	450.23	1257.75	122.16	0	0	43	0		//벨트헨보초병1(순찰)
//20004	20004	5	62185	0	1	376.81	1356.81	117.83	383.08	1346.76	118.15	1	452.68	1262.35	122.2	0	0	43	0		//벨트헨보초병2(순찰)
//20004	20004	5	62186	0	1	481.63	1251.73	123.66	492.79	1243.39	123.77	2	0	0	0	10	0	43	0		//벨트헨보초병3(랜덤)
//20004	20004	5	62187	0	1	478.87	1229.3	124.24	491.8	1223.66	124.81	2	0	0	0	10	0	43	0		//벨트헨보초병4(랜덤)
20004	20004	5	63767	0	1	359.88	256.28	36.48	360.21	254.46	36.26	0	0	0	0	0	0	43	0		//전초기지보초병1(고정)
//20004	20004	5	63768	0	1	1045.01	733.5	78.78	1037.56	732.47	79.88	0	0	0	0	0	0	43	0		//전초기지보초병2(고정)
//20004	20004	5	63769	0	1	1034.52	725	79.57	1030.95	723.64	79.65	2	0	0	0	10	0	43	0		//전초기지보초병3(랜덤)
//20004	20004	5	63770	0	1	1054.53	712.84	78.17	1053.04	707.3	78.46	2	0	0	0	10	0	43	0		//전초기지보초병4(랜덤)
20004	20004	1	63766	0	3	269.18	281.44	34.87	270.08	279.97	34.62	0	0	0	0	0	160002	37	0		//율린(잡화상인)
20004	20004	14	63771	0	3	257.51	278.93	34.33	256.31	276.48	34.03	0	0	0	0	0	0	47	0		//순찰대장 디트리히(퀘스트)
//20004	20004	5	63772	0	1	814.67	986.08	120.88	810.88	987.58	120.97	0	0	0	0	0	0	43	0		//캠프보초병2(고정)
//20004	20004	5	63773	0	1	806.17	973.38	120.94	808.22	983.12	121.11	1	825.81	1012.58	117.98	0	0	43	0		//캠프보초병3(순찰)
//20004	20004	5	63774	0	1	848.06	984.9	118.22	842.27	990.56	119.5	1	834.96	1005.98	118.4	0	0	43	0		//캠프보초병4(순찰)
//연금술사들의길																					
//20005	20005	5	62099	0	1	1931.12	666.73	124.91	1925.64	667.27	123.73	2	0	0	0	10	0	43	0		//에텔레인보초병1(랜덤)
//20005	20005	5	62100	0	1	1942.37	661.8	124.98	1942.56	656.5	124.52	2	0	0	0	10	0	43	0		//에텔레인보초병2(랜덤)
//20005	20005	5	62101	0	1	1995.5	611.47	113.02	1987.88	610.54	112.74	0	0	0	0	0	0	43	0		//에텔레인경비병1(고정)
//20005	20005	5	62102	0	1	1995.75	602.52	112.88	1988.47	602.58	112.58	0	0	0	0	0	0	43	0		//에텔레인경비병2(고정)
20005	20005	5	62103	0	1	456.84	306.89	26.43	455.48	306.99	26.31	1	423.11	305.13	23.87	0	0	43	0		//에텔레인경비병3(순찰)
20005	20005	5	62104	0	1	470.42	290.15	26.91	470.36	288.11	26.94	1	470.44	240.51	27.65	0	0	43	0		//에텔레인경비병4(순찰)
20005	20005	1	63775	0	3	294.05	400.44	46.55	293.27	404.08	45.93	0	0	0	0	0	160002	37	0		//안톤(잡화상인)
20005	20005	1	63776	0	3	254.14	397.9	50.82	254.61	399.31	50.35	0	0	0	0	0	160002	37	0		//쉬나이더(약재상인)
//20005	20005	5	63781	0	3	280.92	400.02	47.91	279.98	403.4	47.21	0	0	0	0	0	0	43	0		//간이초소병1(고정)
//20005	20005	5	63782	0	3	1603.79	844.88	122.33	1603.87	842.16	122.44	2	0	0	0	10	0	43	0		//간이초소병2(랜덤)
//20005	20005	5	63777	0	1	1756.16	626.79	110.12	1752.26	618.7	108.11	0	0	0	0	0	0	43	0		//에텔레인정찰대1(고정)
//20005	20005	5	63778	0	1	1766.44	644.48	112.3	1770.48	647.77	112.34	0	0	0	0	0	0	43	0		//에텔레인정찰대2(고정)
//20005	20005	5	63779	0	1	1768.26	627.35	110.2	1771.95	624.91	109.72	2	0	0	0	10	0	43	0		//에텔레인정찰대3(랜덤)
//20005	20005	5	63780	0	1	1776.93	641.35	111.65	1782.32	639.12	111.81	2	0	0	0	10	0	43	0		//에텔레인정찰대4(랜덤)
//요새의성역																					
20204	20204	5	63799	0	1	311.52	-692.56	49.72	315.64	-689.15	49.76	2	0	0	0	10	0	43	0		//늑대바위 초소병1(랜덤)
20204	20204	5	63800	0	1	292.48	-693.95	49.57	292.55	-688.72	49.2	2	0	0	0	10	0	43	0		//늑대바위 초소병2(랜덤)
20204	20204	5	64001	0	1	-50.38	-690.56	22.47	-50.46	-685.23	22.3	0	0	0	0	0	0	43	0		//설원 전진기지 보초병1(고정)
20204	20204	5	64002	0	1	-42.79	-694.67	22.56	-37.65	-691.7	22.45	2	0	0	0	10	0	43	0		//설원 전진기지 감시병1(랜덤)
20204	20204	5	64003	0	1	-61.16	-693.26	22.44	-64.2	-687.27	21.89	2	0	0	0	10	0	43	0		//설원 전진기지 감시병2(랜덤)
20204	20204	5	64004	0	1	-317.34	-277.28	19.25	-313.76	-278.37	19.18	1	-306.13	-265.74	20.85	0	0	43	0		//수정호수 순찰병1(순찰)
20204	20204	5	64005	0	1	-323.3	-284.41	19.09	-320.53	-287.69	18.93	2	0	0	0	10	0	43	0		//수정호수 정찰대원1(고정)
20204	20204	5	64006	0	1	-338.37	-279.26	19.63	-341.67	-284.9	19.59	2	0	0	0	10	0	43	0		//수정호수 정찰대원2(랜덤)
//필드동물																					
//야수들의숲																					
20004	20004	0	63279	0	0	177.12	733.59	121.79	179.2	728.72	121.06	2	0	0	0	10	0	2	0		//야수숲F04산양1
20004	20004	0	63280	0	0	1232.44	568.61	88.39	1229.9	573.08	87.11	2	0	0	0	10	0	2	0		//야수숲F04산양2
20004	20004	0	63281	0	0	527.15	980.1	127.23	528.93	980.62	126.44	2	0	0	0	10	0	2	0		//야수숲F04산양3
20005	20005	0	63282	0	0	1153.87	609.45	78	1157.8	613.61	76.1	2	0	0	0	10	0	2	0		//야수숲F05산양1
20005	20005	0	63283	0	0	1872.63	250.48	124.02	1876.09	243.52	121.17	2	0	0	0	10	0	2	0		//야수숲F05산양2
20204	20204	0	63284	0	0	-559.18	-267.73	31.37	-560.42	-270.36	30.95	2	0	0	0	10	0	2	0		//설원F04산양1
20205	20205	0	63285	0	0	182.49	-126.12	2.91	185.12	-122.48	2.63	2	0	0	0	10	0	2	0		//설원F05산양1
20205	20205	0	63286	0	0	-3.12	33.81	11.78	1.69	33	11.5	2	0	0	0	10	0	2	0		//설원F05산양2
20205	20205	0	63287	0	0	105.74	19.6	10.95	109.18	20.95	11.16	2	0	0	0	10	0	2	0		//설원F05산양3
20205	20205	0	63288	0	0	-114.6	218	12.03	-125.88	219.09	11.17	2	0	0	0	10	0	2	0		//설원F05산양4
//설원필드4경비병																					
20204	20204	5	63783	0	1	41.12	56.75	21.22	41.6	52.82	21.58	0	0	0	0	0	0	43	0		//에텔레인정찰대1(고정)
20204	20204	5	63784	0	1	51.97	54.54	21.77	51.86	51.82	22	0	0	0	0	0	0	43	0		//에텔레인정찰대2(고정)
20204	20204	5	63785	0	1	33.51	-105.9	20.25	33.51	-110.8	20.02	0	0	0	0	0	0	43	0		//에텔레인정찰대3(고정)
20204	20204	5	63786	0	1	60.07	-105.43	20.53	60.25	-112.61	20.26	0	0	0	0	0	0	43	0		//에텔레인정찰대4(고정)
20204	20204	5	63787	0	1	-91.64	-14	20.87	-91.45	-20.64	21.18	0	0	0	0	0	0	43	0		//에텔레인정찰대5(고정)
20204	20204	5	63788	0	1	20.35	-124.79	18.76	28.17	-124.93	18.85	1	69.27	-125.76	19.53	0	0	43	0		//에텔레인정찰대6(순찰)
20204	20204	5	63789	0	1	70.02	-136.4	18.95	62.65	-136.1	18.7	1	23.27	-135.15	18.24	0	0	43	0		//에텔레인정찰대7(순찰)
//설원필드5경비병																					
20205	20205	5	63790	0	1	-53.6	373.59	1.37	-53.45	369.31	1.43	0	0	0	0	0	0	43	0		//페허의탑순찰대1(고정)
20205	20205	5	63791	0	1	-47.89	373.39	1.68	-48.05	369.8	1.87	0	0	0	0	0	0	43	0		//페허의탑순찰대2(고정)
20205	20205	5	63793	0	1	-52.24	347.58	1.4	-51.37	342.49	1.15	2	0	0	0	10	0	43	0		//페허의탑순찰대3(랜덤)
20205	20205	5	63794	0	1	-628.01	-31.82	1.38	-625.62	-32.98	1.49	1	-614.6	-39.53	2.46	0	0	43	0		//페허의탑순찰대4(순찰)
20205	20205	5	63795	0	1	-616.45	-44.57	2.47	-621.78	-40.68	2.31	1	-629.18	-34.64	1.32	0	0	43	0		//페허의탑순찰대5(순찰)
20205	20205	5	63796	0	1	-610.7	-12.09	2.21	-608.67	-6.17	1.99	2	0	0	0	10	0	43	0		//페허의탑순찰대6(랜덤)
20205	20205	5	63797	0	1	277.21	-243.39	-4.54	275.05	-232.46	18.02	1	287.48	-230	-5.38	0	0	43	0		//페허의탑순찰대7(순찰)
20205	20205	5	63798	0	1	283.22	-226.88	-5.46	276.43	-231.3	-4.94	1	269.42	-238.01	-4.89	0	0	43	0		//페허의탑순찰대8(순찰)
//지하수로서브4																					
10	21	0	64009	0	0	416.75	463.73	25.47	423.99	462.89	25.47	2	0	0	0	5	0	41	0		//유피아(수로S4)
10	21	0	64010	0	0	415.79	432.66	25.47	423.32	432.64	25.47	2	0	0	0	5	0	41	0		//엘리스(수로S4)
10	21	0	64011	0	0	489.47	442.09	25.47	482.23	443.03	25.47	0	0	0	0	0	0	41	0		//키케로(수로S4)
10	21	0	64012	0	0	488.41	474.13	25.47	480.79	474.52	25.47	0	0	0	0	0	0	41	0		//피라쥴(수로S4)
10	21	0	64013	0	0	428.35	481.37	15.79	437.99	481.73	15.79	2	0	0	0	5	0	41	0		//니오프(수로S4)
10	21	0	64014	0	0	476.1	491.6	15.79	469.66	492.84	15.77	2	0	0	0	5	0	41	0		//시에라리온(수로S4)
//튜터리얼																					
//20206	20206	5	63840	0	3	21.07	43.23	4.96	21	41.79	4.7	0	0	0	0	0	0	47	0		//레이니아(엘리멘탈리스트)
20206	20206	5	63844	0	3	101.83	193.97	47.41	104.54	193.81	47.01	0	0	0	0	0	0	47	0		//이드
//20206	20206	14	63848	0	3	139.41	234.39	3	138.85	234.04	2.94	0	0	0	0	0	0	47	0		//보위(앨리멘탈리스트)
//20206	20206	14	63852	0	3	-54.94	109.74	2.91	-54.09	110.25	2.91	0	0	0	0	0	0	47	0		//블로우(엘리멘탈리스트)
//20206	20206	14	63841	0	3	346.34	-29.58	2.28	347.14	-28.87	2.28	0	0	0	0	0	0	47	0		//화이트(버서커)
//20206	20206	14	63845	0	3	340.78	12.97	4.17	340.09	12.42	4.17	0	0	0	0	0	0	47	0		//프레디(버서커)
//20206	20206	14	63849	0	3	272.45	144.76	0.38	273.1	145.58	0.38	0	0	0	0	0	0	47	0		//제프(버서커)
20206	20206	5	63853	0	3	234.59	190.96	50.84	235.08	193	50.85	0	0	0	0	0	0	47	0		//루시드(버서커)
//20206	20206	14	63842	0	3	247.16	-199.76	-3.04	248.37	-199.02	-3.04	0	0	0	0	0	0	47	0		//타냐(드래곤)
//20206	20206	14	63846	0	3	252.29	-161.73	-3.02	251.41	-161.97	-3.02	0	0	0	0	0	0	47	0		//랜디(드래곤)
//20206	20206	14	63850	0	3	98.04	-6.76	2.41	99.23	-7.85	2.41	0	0	0	0	0	0	47	0		//발렌틴(드래곤)
20206	20206	5	63854	0	3	214.72	172.69	49.75	214.49	174.43	49.68	0	0	0	0	0	0	47	0		//아이먼(드래곤)
//20206	20206	14	63843	0	3	-582.93	8.53	3.08	-584.02	8.87	2.88	0	0	0	0	0	0	47	0		//마야(발키리)
//20206	20206	14	63847	0	3	-533.61	31.21	2.1	-534.02	30.47	1.94	0	0	0	0	0	0	47	0		//라이트(발키리)
//20206	20206	14	63851	0	3	-415.69	-14.5	3.29	-414.59	-15.5	3.12	0	0	0	0	0	0	47	0		//조이(발키리)
//20206	20206	14	63855	0	3	-96.29	75.84	2.61	-96.72	75.51	2.61	0	0	0	0	0	0	47	0		//루카(발키리)
//20206	20206	5	63867	0	3	-25.9	64.91	6.26	-25.13	65.61	6.23	0	0	0	0	0	0	43	0		//튜터리얼순찰NPC
//20206	20206	5	63868	0	3	-54.46	108.61	2.83	-52.79	109.61	2.74	0	0	0	0	0	0	43	0		//튜터리얼순찰NPC
//20206	20206	5	63869	0	3	-95.79	74.2	2.57	-96.83	73.24	2.3	0	0	0	0	0	0	43	0		//튜터리얼순찰NPC
//20206	20206	5	63870	0	3	-58.26	40.21	2.02	-58.22	39.84	1.94	0	0	0	0	0	0	43	0		//튜터리얼순찰NPC
//20206	20206	3	63856	0	3	20.63	21.26	0.08	20.65	18.47	0.88	0	0	0	0	0	160001	45	0		//유베트(배틀존)
//20206	20206	6	63861	0	3	30.86	28.7	1.38	28.89	27.54	1.38	0	0	0	0	0	160006	44	0		//글루어(마을이동)
20206	20206	1	63862	0	3	227.94	226.24	50.57	226.93	226.11	50.49	0	0	0	0	0	160002	32	0		//아나스(발키리상점)
20206	20206	1	63863	0	3	183.3	171.53	47.77	184.22	177.52	47.84	0	0	0	0	0	160002	30	0		//루츠(버서커상점)
20206	20206	1	63864	0	3	193.35	223.96	50.11	193.7	222.17	50.03	0	0	0	0	0	160002	31	0		//아비스(드래곤나이트상점)
20206	20206	1	63865	0	3	214.21	226.73	50.15	214.3	225.82	50.11	0	0	0	0	0	160002	33	0		//미스텔(엘리멘탈리스트상점)
20206	20206	1	63866	0	3	176.89	234.48	50.01	177.38	233.9	50.02	0	0	0	0	0	160002	37	0		//우도(잡화상점)
//31	1	14	63857	0	3	-182.66	80.584	0.65	-183.69	86.08	0.67	1	-183.69	86.08	0.67	0	0	47	0		//크라이튼
20206	20206	4	63858	0	3	186.38	199.17	47.92	181.24	198.19	47.97	0	0	0	0	0	160003	35	0		//콜먼(제작)
//31	1	4	63859	0	3	-193.67	278.46	9.69	-203.8	283.82	9.77	1	-203.8	283.82	9.77	0	160003	36	0		//테오발도(강화)
31	610	14	63860	0	3	136.7	200.48	4.12	136.76	199.21	3.68	0	0	0	0	0	0	47	0		//리온
20206	20206	1	63905	0	3	203.01	229.87	50.31	203.19	228.73	50.32	0	0	0	0	0	0	34	0		//데오도로(섀도우상점)
31	609	5	63876	0	3	101.83	193.97	47.41	104.54	193.81	47.01	0	0	0	0	0	0	47	0		//이드
31	609	5	63877	0	3	266.45	192.9	55.35	262.69	194.66	54.29	0	0	0	0	0	0	47	0		//루시드(버서커)
//화산M																					
16	10	14	64015	0	3	633.39	521.28	76.93	630.83	521.2	76.86	0	0	0	0	0	0	0	0		//화산M퀘스트_용족운리트
16	11	1	64016	0	3	477.88	406.43	96.11	476.51	403.69	95.6	2	0	0	0	5	160002	37	0		//화산M상인_여행상인슈펜
16	10	0	64017	0	0	631.74	524.69	76.87	630.55	525.55	76.73	2	0	0	0	5	0	0	0		//엑스트라NPC
16	10	0	64018	0	0	629.14	523.43	76.79	626.59	522.59	76.98	2	0	0	0	5	0	0	0		//엑스트라NPC
16	10	0	64019	0	0	630.62	518.36	76.71	628.87	519.19	76.8	2	0	0	0	5	0	0	0		//엑스트라NPC
//100레벨																					
//20005	20005	14	65054	0	3	1530.01	533.59	93.84	1529.59	554.86	93.83	0	0	0	0	0	0	47	0		//100레벨NPC
//크리스마스이벤트NPC																					
//트링겔																					
//10001	10001	20	65061	0	3	-23.38	34.89	-25.27	-25.28	34.88	-25.27	0	0	0	0	0	0	0	0		//뱃지맨
//10001	10001	21	65062	0	3	-23.26	32.01	-25.27	-25.11	32.05	-25.28	0	0	0	0	0	0	0	0		//산타영감
//10001	10001	5	65063	0	3	-19.74	49.69	-25.49	-23.03	49.43	-25.31	0	0	0	0	0	0	0	0		//구세군 아저씨
//10001	10001	19	65064	1	3	-21.2	49.56	-25.39	-23.03	49.43	-25.31	0	0	0	0	0	0	0	0		//구세군 냄비
//벨트헨																					
//10001	10001	20	65065	0	3	150.52	185.68	15.44	148.84	184.33	15.28	0	0	0	0	0	0	0	0		//뱃지맨
//10001	10001	21	65066	0	3	152.43	181.49	15.59	150.35	180.49	15.35	0	0	0	0	0	0	0	0		//산타영감
//10002	10002	5	65067	0	3	154.33	166.62	15.75	152.18	169.47	15.56	0	0	0	0	0	0	0	0		//구세군 아저씨
//10002	10002	19	65068	1	3	153.47	167.72	15.67	152.18	169.47	15.56	0	0	0	0	0	0	0	0		//구세군 냄비
//에텔레인																					
//10001	10001	20	65069	0	3	351.85	442.6	41.5	350.06	442.74	41.5	0	0	0	0	0	0	0	0		//뱃지맨
//10001	10001	21	65070	0	3	351.85	439.09	41.5	349.5	439.35	41.5	0	0	0	0	0	0	0	0		//산타영감
//10003	10003	5	65071	0	3	325.59	440.8	41.5	329.41	441.55	41.5	0	0	0	0	0	0	0	0		//구세군 아저씨
//10003	10003	19	65072	1	3	327.15	441.03	41.5	329.41	441.55	41.5	0	0	0	0	0	0	0	0		//구세군 냄비
//구정이벤트NPC																					
10001	10001	22	65073	1	3	-40.61	89.31	-25.35	-41.12	84.25	25.34	0	0	0	0	0	0	42	0		//수정기둥
10002	10002	22	65074	1	3	149.7	180.59	15.27	147.43	178.04	15.01	0	0	0	0	0	0	42	0		//수정기둥
10003	10003	22	65075	1	3	338.46	429.81	41.7	338.57	432.12	41.69	0	0	0	0	0	0	42	0		//수정기둥
10003	10003	22	65076	1	3	338.49	129.49	78.84	338.52	133.82	78.84	0	0	0	0	0	0	42	0		//수정기둥
//오크라NPC																					
																					
10004	10004	3	65077	0	3	36.67	-61.21	-0.41	38.79	-63.15	-0.97	0	0	0	0	0	160001	45	0		//그리트(배틀존개설)
10004	10004	1	65079	0	3	141.35	-180.49	7.38	139.47	-180.08	7.38	0	0	0	0	0	160002	33	0		//자얀티(엘리멘탈리스트상점)
10004	10004	1	65080	0	3	146.26	-158.47	8.09	144.54	-160.57	8.06	0	0	0	0	0	160002	30	0		//마다브(버서커상점)
10004	10004	1	65081	0	3	142.4	-142.1	9.53	140.28	144.75	9.46	0	0	0	0	0	160002	31	0		//니킬(드래곤나이트상점)
10004	10004	1	65082	0	3	129.52	-124.48	10.46	125.94	-126.46	10.19	0	0	0	0	0	160002	32	0		//니사(발키리상점)
10004	10004	4	65083	0	3	78.83	-145.6	7.81	81.47	-146.28	7.83	0	0	0	0	0	160003	35	0		//가네사(조합)
10004	10004	2	65084	0	3	109.63	-104.83	8.64	111.47	-107.49	8.64	0	0	0	0	0	160005	46	0		//야밀(창고)
10004	10004	4	65085	0	3	86.15	-136.51	8.04	88.24	-137.82	8.2	0	0	0	0	0	160003	36	0		//칼리다스(강화)
10004	10004	1	65086	0	3	127.5	-101.92	10.12	125.2	-104.47	9.88	0	0	0	0	0	160002	37	0		//아브하(잡화상인)
10004	10004	1	65087	0	3	84.61	-162.97	8	86.66	-159.71	8.24	0	0	0	0	0	160002	37	0		//릴리난(잡화상인)
10004	10004	7	65088	0	3	94.3	-0.11	-2.11	89.96	0.78	-1.96	0	0	0	0	0	0	40	0		//이지(길드관리자)
10004	10004	16	65089	0	3	93.4	-39.31	3.85	90.11	-37.87	3.41	0	0	0	0	0	0	41	0		//오보에(미션랭킹관리자)
10004	10004	5	65090	0	3	-87.8	-81.13	12.46	-85.14	-84.08	12.26	0	0	0	0	0	0	41	0		//루디(파견마법사)
10004	10004	5	65091	0	3	-52.39	-96.36	5.93	-53.76	-93.89	5.65	0	0	0	0	0	0	41	0		//라르하트(원로원)
10004	10004	5	65092	0	3	-45.52	-73.41	3.57	-40.98	-74.22	3.24	0	0	0	0	0	0	41	0		//알프(용병길드원)
10004	10004	5	65093	0	3	-63.88	-47.92	0.43	-59.55	-47.68	0.22	0	0	0	0	0	0	41	0		//디엔느(클랜소속원)
10004	10004	5	65094	0	3	-29.07	-4.61	-0.46	-32.75	-6.99	-0.46	0	0	0	0	0	0	41	0		//카르난쿠마리(자경단장)
10004	10004	1	65095	0	3	110.8	-167.92	7.94	112.49	-164.96	8.09	0	0	0	0	0	160002	34	0		//윌웨인(섀도우상점)
10004	10004	5	65096	0	3	99.45	63.71	19.07	97.26	63.52	19.07	0	0	0	0	0	0	41	0		//크롤리버사(대표사제)
10004	10004	5	65097	0	3	-12.29	27.03	6.72	-9.09	24.54	6.29	0	0	0	0	0	0	41	0		//라비모라
10004	10004	17	65355	1	3	15.99	-89.18	-1.26	17.13	85.59	1.56	0	0	0	0	0	0	37	0		//개인상점게시판(오크라)
10004	10004	1	65426	0	3	-17.96	-60.08	-2.01	-41.19	-54.98	-2.05	0	0	0	0	0	0	47	0		//비밀요원오셸리(랜덤)_비밀상점_오크라
//중국단오절이벤트NPC				0	3																
//1	503	14	65098	0	3	12	5.07	1.38	12.86	7.48	1.38	0	0	0	0	0	0	47	0		//용선경기이벤트NPC(야숲)
//6	506	14	65099	0	3	13.28	70.44	12.04	16.13	68.26	12.04	0	0	0	0	0	0	47	0		//용선경기이벤트NPC(지하수로)
//11	509	14	65100	0	3	-34.96	-20.96	-2.58	-32.66	-17.34	-2.58	0	0	0	0	0	0	47	0		//용선경기이벤트NPC(설원)
//16	512	14	65101	0	3	-13.79	-28.7	1.95	-11.52	-26.21	1.95	0	0	0	0	0	0	47	0		//용선경기이벤트NPC(용족)
//23	607	14	65102	0	3	23.56	4.56	0	22.52	6.41	0.01	0	0	0	0	0	0	47	0		//용선경기이벤트NPC(아이올트)
//낚시npc																					
//10001	10001	24	63903	0	3	-54.1	30.5	-22.26	-53.1	26.92	-23.09	0	0	0	0	0	160001	45	0		//몬데오
//2주년이벤트																					
//10001	10001	14	65061	0	3	-59	36.07	-22.26	-61.64	36.1	-22.89	0	0	0	0	0	0	42	0		//뱃지맨
//중국칠석이벤트NPC																					
//10001	10001	14	63904	0	3	-59.24	36.04	-22.26	-68.26	35.94	-24.98	0	0	0	0	0	0	47	0		//기억을상실한견우(트링겔)
//몬트샤인퀘스트NPC																					
//10001	10001	14	63906	0	3	-50.86	41.38	-22.26	-49.78	44	-22.85	0	0	0	0	0	0	47	0		//몬트샤인전투모병관
//10001	10001	14	63907	0	3	-45.79	47.81	-24.75	-45.69	50.91	-24.91	0	0	0	0	0	0	47	0		//몬트샤인전투전령
//국내_크리스마스이벤트																					
//10001	10001	14	63908	0	3	-45.79	47.81	-24.75	-45.69	50.91	-24.91	0	0	0	0	0	0	47	0		//축복의산타
//10001	10001	14	63909	0	3	-59	36.07	-22.26	-61.64	36.1	-22.89	0	0	0	0	0	0	47	0		//사랑의산타
//대만2주년이벤트npc																					
//1	503	14	65103	0	3	12	5.07	1.38	12.86	7.48	1.38	0	0	0	0	0	0	47	0		//대만2주년NPC(야숲)
//6	506	14	65104	0	3	13.28	70.44	12.04	16.13	68.26	12.04	0	0	0	0	0	0	47	0		//대만2주년NPC(지하수로)
//11	509	14	65105	0	3	-34.96	-20.96	-2.58	-32.66	-17.34	-2.58	0	0	0	0	0	0	47	0		//대만2주년NPC(설원)
//16	512	14	65106	0	3	-13.79	-28.7	1.95	-11.52	-26.21	1.95	0	0	0	0	0	0	47	0		//대만2주년NPC(용족)
//수상한경비병																					
10002	10002	14	40043	0	1	174.22	164.06	15.99	172.67	164.58	15.98	0	0	0	0	0	0	43	0		//수상한경비병(벨트헨)
10003	10003	14	40031	0	3	444.57	66.42	78.84	444.85	63.57	78.84	0	0	0	0	0	0	47	0		//리볼팅
10003	10003	14	40029	0	3	544.45	527.13	44.41	539.15	529.93	44.41	0	0	0	0	0	0	47	0		//비트레이
10003	10003	14	40033	0	3	281.15	698.7	32.03	279.04	700.84	32.03	0	0	0	0	0	0	47	0		//턴코트
10003	10003	14	40041	0	1	219.21	406.35	39.64	219.31	414.99	39.64	1	237.17	641.8	39.64	0	0	43	0		//수상한경비병(에텔레인)
10003	10003	14	40040	0	1	457.93	409.53	39.64	457.86	412.08	39.64	1	441.35	641.36	39.64	0	0	43	0		//수상한경비병(에텔레인)
10003	10003	14	40037	0	1	142.63	233.78	78.84	143.6	235.52	78.84	1	324.2	554.76	114.79	0	0	43	0		//수상한경비병(에텔레인)
10003	10003	14	40038	0	1	326.61	186.02	78.84	326.61	188.9	78.84	1	328.52	340.47	39.67	0	0	43	0		//수상한경비병(에텔레인)
10003	10003	14	40039	0	1	534.07	234.64	78.68	532.64	237.26	78.66	1	352.51	555.72	114.79	0	0	43	0		//수상한경비병(에텔레인)
11	509	14	40035	0	3	-34.96	-20.96	-2.58	-32.66	-17.34	-2.58	0	0	0	0	0	0	47	0		//턴코트2(설원)
//대만크리스마스																					
//10001	10001	14	63908	0	3	-45.79	47.81	-24.75	-45.69	50.91	-24.91	0	0	0	0	0	0	47	0		//대만_산타
//1	503	14	63910	0	3	12	5.07	1.38	12.86	7.48	1.38	0	0	0	0	0	0	47	0		//대만2주년NPC(야숲)
//6	506	14	63911	0	3	13.28	70.44	12.04	16.13	68.26	12.04	0	0	0	0	0	0	47	0		//대만2주년NPC(지하수로)
//중국크리스마스이벤트(08년)																					
//10001	10001	14	63908	0	3	-50.86	41.38	-22.26	-49.78	44	-22.85	0	0	0	0	0	0	47	0		//축복의산타(중국크리스마스이벤트)
//1	503	14	63912	0	3	28.46	30.82	1.38	29.31	23.16	1.38	0	0	0	0	0	0	47	0		//중국사랑의산타(야숲)
//6	506	14	63913	0	3	159.93	78.6	24.14	147.97	80.2	24.14	0	0	0	0	0	0	47	0		//중국사랑의산타(지하수로)
//11	509	14	63914	0	3	5.14	67.39	-2.58	4.19	55.76	-2.58	0	0	0	0	0	0	47	0		//중국사랑의산타(얼궁)
//16	512	14	63915	0	3	39.51	-15.77	3.62	29.64	-10.11	1.95	0	0	0	0	0	0	47	0		//중국사랑의산타(용족)
//24	515	14	63916	0	3	433.21	377.74	23.3	433.75	367.73	23.06	0	0	0	0	0	0	47	0		//중국사랑의산타(아이올트)
//09년_국내_구정이벤트																					
//10001	10001	14	63917	0	3	-50.86	41.38	-22.26	-49.78	44	-22.85	0	0	0	0	0	0	47	0		//콜로세움의전사
//10001	10001	14	63918	0	3	-45.79	47.81	-24.75	-45.69	50.91	-24.91	0	0	0	0	0	0	47	0		//콜로세움매니저
//중국 국경절 이벤트 NPC																					
//10002	10002	14	65353	0	3	150.77	158.94	15.61	138.22	145.58	14.71	0	0	0	0	0	0	47	0		//국경절이벤트요원
//0902 관련 NPC																					
20206	20206	14	65108	0	3	315.82	199.63	58.13	313.14	198.25	58.08	0	0	0	0	0	0	47	0		//레이몬드
31	610	14	65109	0	3	85.68	73.33	19.13	87.11	71.85	18.96	0	0	0	0	0	0	47	0		//남쪽숲의정찰병
31	610	14	65110	0	3	123.06	292.3	2.59	122.92	286.63	2.58	0	0	0	0	0	0	47	0		//북쪽숲의정찰병
31	610	14	65111	0	3	33.62	147.21	2.46	35.33	147.65	2.46	0	0	0	0	0	0	47	0		//사로잡힌수습해방군
20001	20001	14	65112	0	3	-178.25	78.56	0.53	-174.28	79.38	0.33	0	0	0	0	0	0	47	0		//엘리오르
20002	20002	14	65113	0	3	-10.2	-66.43	-2.91	-8.09	-67.67	-3.22	0	0	0	0	0	0	47	0		//피오네
20002	20002	14	65114	0	3	137.92	-5.58	10.61	136.55	-3.4	10.11	0	0	0	0	0	0	47	0		//포어맨
20005	20005	14	65115	0	3	319.89	475.39	46.68	316.55	475.65	46.84	0	0	0	0	0	0	47	0		//경비대장노벨
20104	20104	14	65116	0	3	263.53	566.65	94.32	264.56	564.65	94.01	0	0	0	0	0	0	47	0		//정찰병준
20104	20104	14	65117	0	3	446.93	174.61	55.79	444.07	175.48	56.12	0	0	0	0	0	0	47	0		//정찰병케이
20104	20104	14	65118	0	3	159.14	311.6	91.96	161.09	308.35	91.76	0	0	0	0	0	0	47	0		//정찰대장호머
20101	20101	14	65119	0	3	253.64	307.37	14.75	250.06	308.19	14.45	0	0	0	0	0	0	47	0		//정찰병엘
20101	20101	14	65120	0	3	276.66	181.36	17.11	277.04	183.9	17.11	0	0	0	0	0	0	47	0		//정찰병제이
20103	20103	14	65121	0	3	36.46	104.02	7.06	40.26	105.83	7.06	0	0	0	0	0	0	47	0		//정찰병제트
20103	20103	14	65122	0	3	308.08	364.86	31.69	306.64	363.23	31.69	0	0	0	0	0	0	47	0		//수상한차림의여자
20102	20102	14	65123	0	3	82.42	427.44	0.89	85.27	424.44	0.27	0	0	0	0	0	0	47	0		//정찰병카이
20102	20102	14	65124	0	3	303.44	211.09	14.83	303.4	212.81	14.83	0	0	0	0	0	0	47	0		//정찰명화이트
20102	20102	14	65125	0	3	73.86	-19.15	9.64	75.65	-21.36	9.64	0	0	0	0	0	0	47	0		//정찰병위트모어
20106	20106	14	65126	0	3	919.72	312.94	34.67	915.66	312.76	34.67	0	0	0	0	0	0	47	0		//정찰대장로랑
20105	20105	14	65127	0	3	553.12	190.55	25.47	550.25	192.86	25.47	0	0	0	0	0	0	47	0		//겁에질린전령주노
20204	20204	14	65128	0	3	-45.09	10.75	21.41	-43.39	12.29	21.36	0	0	0	0	0	0	47	0		//수비대장볼칸
20204	20204	14	65129	0	3	284.99	-35.21	21	285.03	-30.17	20.38	0	0	0	0	0	0	47	0		//정찰병제드
20201	20201	14	65130	0	3	82.2	156.28	33.88	82.07	152.91	33.85	0	0	0	0	0	0	47	0		//정찰병로그
20201	20201	14	65131	0	3	578.22	377.77	42.64	577.92	380.12	42.59	0	0	0	0	0	0	47	0		//정찰병웨스트
20202	20202	14	65132	0	3	211.16	67.81	29.41	212.68	66.29	29.11	0	0	0	0	0	0	47	0		//길을잃은수색병조단
20202	20202	14	65133	0	3	332.17	89.37	27.14	327.15	89.96	27.12	0	0	0	0	0	0	47	0		//길을잃은수색병폴
20202	20202	14	65134	0	3	142.19	192.55	29.22	141.66	189.51	29.19	0	0	0	0	0	0	47	0		//길을잃은수색병샘
20202	20202	14	65135	0	3	199.81	208.29	29.26	202.68	208.67	29.26	0	0	0	0	0	0	47	0		//소색병코폴라
20202	20202	14	65136	0	3	337.23	398.36	33.2	334.28	398.7	33.2	0	0	0	0	0	0	47	0		//성외곽전투지휘관
20202	20202	14	65137	0	3	130.4	350.12	33.2	134.57	354.1	33.2	0	0	0	0	0	0	47	0		//설원진격대장
20203	20203	14	65138	0	3	20.84	-6.12	0	17.81	-6.05	0	0	0	0	0	0	0	47	0		//설원진격대장
20203	20203	14	65139	0	3	-18.84	-65.18	0	-15.82	-63.3	0	0	0	0	0	0	0	47	0		//설원진격부단장
20205	20205	14	65140	0	3	-550.5	34.69	2.59	-542.01	28.76	1.99	0	0	0	0	0	0	47	0		//폐허의탑진격부대장
20205	20205	14	65141	0	3	-292.47	100.82	2.48	-288.03	98.24	1.82	0	0	0	0	0	0	47	0		//폐허의탑진격전령
20205	20205	14	65142	0	3	-40.23	345.5	1.15	-46.63	339.38	1.27	0	0	0	0	0	0	47	0		//폐허의탑북쪽탐색병
20205	20205	14	65143	0	3	-75.99	-199.67	1.86	-70.42	-196.11	1.82	0	0	0	0	0	0	47	0		//폐허의탑남쪽탐색병
20205	20205	14	65144	0	3	331	-21.44	3.02	331.44	-15.25	3.31	0	0	0	0	0	0	47	0		//폐허의탑남서쪽탐색병
54061	54061	14	65145	0	3	953.2	1018.02	87.54	947.09	1018.99	88.17	0	0	0	0	0	0	47	0		//고룡무덤정찰부대장
54061	54061	14	65146	0	3	259.25	687.79	100.16	256.64	687.25	100.23	0	0	0	0	0	0	47	0		//고룡무덤정찰병젠
54061	54061	14	65147	0	3	842.7	596.54	68.73	840.01	593.83	69.02	0	0	0	0	0	0	47	0		//고룡무덤정찰병바크
54061	54061	14	65148	0	3	375.09	407.72	43.88	378.87	401.23	43.63	0	0	0	0	0	0	47	0		//고룡무덤정찰대장
54061	54061	14	65149	0	3	353.86	194.46	111.09	350.58	191.46	110.85	0	0	0	0	0	0	47	0		//고룡무덤정찰병제크
54061	54061	14	65150	0	3	85.19	71.75	96.73	89.43	69.16	96.68	0	0	0	0	0	0	47	0		//전령트라임
54081	54081	14	65151	0	3	-147.56	107.79	14.36	-174.98	110.98	13.85	0	0	0	0	0	0	47	0		//고룡무덤돌격부대장레츠
54081	54081	14	65152	0	3	418.03	48.09	19.54	416.63	50.54	19.26	0	0	0	0	0	0	47	0		//고룡무덤전령보이드
54081	54081	14	65153	0	3	-568.62	34.73	27.12	-568.39	33.67	27.13	0	0	0	0	0	0	47	0		//고룡무덤돌격1분대장
54081	54081	14	65154	0	3	-190.88	-606.47	28.9	-186.09	-605.83	28.71	0	0	0	0	0	0	47	0		//고룡무덤돌격2분대장
54001	54001	14	65155	0	3	565.97	404.93	76.07	565.02	409.29	75.05	0	0	0	0	0	0	47	0		//고룡무덤돌격연대장클락
54001	54001	14	65156	0	3	504.92	51.25	59.08	506.33	49.85	58.59	0	0	0	0	0	0	47	0		//고룡무덤돌격3분대장
54001	54001	14	65157	0	3	284.52	574.84	46.3	282397	574.39	46.04	0	0	0	0	0	0	47	0		//고룡무덤돌격4분대장
54001	54001	14	65158	0	3	536.84	532.28	76.23	538.02	535.01	76.51	0	0	0	0	0	0	47	0		//발키리클랜정찰병라이라
54021	54021	14	65159	0	3	171.21	532.39	84.2	170.44	535.26	84.2	0	0	0	0	0	0	47	0		//울부짓는골짜기의수색병
54021	54021	14	65160	0	3	260.85	443.08	81.45	261.83	442.36	81.15	0	0	0	0	0	0	47	0		//발키리믈랜정찰병제이나
54021	54021	14	65161	0	3	486	115.54	35.17	483.5	116.99	34.91	0	0	0	0	0	0	47	0		//발키리클랜정찰부대장인스
54021	54021	14	65162	0	3	108.01	396.57	80.83	108.01	394.37	80.83	0	0	0	0	0	0	47	0		//붙잡힌해방군1
54021	54021	14	65163	0	3	107.94	368.89	80.83	107.98	370.27	80.83	0	0	0	0	0	0	47	0		//붙잡힌해방군2
54041	54041	14	65164	0	3	-0.46	-79.61	-12.08	2.71	-77.34	-12.25	0	0	0	0	0	0	47	0		//용기사단수색대장아리오스
54041	54041	14	65165	0	3	-89.99	30.31	-6.01	-88.66	26.43	-6.02	0	0	0	0	0	0	47	0		//발키리클랜수색부대장티나
54041	54041	14	65166	0	3	-58.66	33.32	-9	-56.76	34.69	-9	0	0	0	0	0	0	47	0		//용기사단장의영혼
54041	54041	14	65167	0	3	107.81	43.02	-3	105.12	39.13	-3.02	0	0	0	0	0	0	47	0		//이성의봉인마법사
54041	54041	14	65168	0	3	-66.55	64.87	-0.98	-65.4	61.68	-2.96	0	0	0	0	0	0	47	0		//기억의봉인마법사
54041	54041	14	65169	0	3	4.75	111.61	0	0.23	111.07	0	0	0	0	0	0	0	47	0		//용기사단연대장케이오
55061	55061	14	65170	0	3	882.75	401.14	1.68	885.42	402.24	2.12	0	0	0	0	0	0	47	0		//해방군전령졸탄
55061	55061	14	65171	0	3	842.83	558.94	11	837.4	586.72	11	0	0	0	0	0	0	47	0		//묘지기스컬
55061	55061	14	65172	1	0	812.17	717.17	19.16	815.22	713.84	18.3	0	0	0	0	0	0	47	0		//역병걸린시체
55061	55061	14	65173	0	3	650.01	658.62	11.4	657.77	657.51	11.17	0	0	0	0	0	0	47	0		//조사관애덤스
55061	55061	14	65174	0	3	412.39	717.65	11.19	413.79	713.59	10.58	0	0	0	0	0	0	47	0		//해방군전령키논
55061	55061	14	65175	0	3	258.22	617.89	13.95	253.15	618.87	13.21	0	0	0	0	0	0	47	0		//고통의묘지정찰대장드미트리
55061	55061	14	65176	0	3	192.76	107.87	7.95	195.13	112.83	6.93	0	0	0	0	0	0	47	0		//고통의묘지정찰대원로쉬포프
55061	55061	14	65177	0	3	344.04	350.29	-1.22	343.13	356.76	-1.29	0	0	0	0	0	0	47	0		//학자해밀턴
55001	55001	14	65178	0	3	491.4	-101.49	-5.32	493.27	-101.41	-5.59	0	0	0	0	0	0	47	0		//순찰병마티스
55001	55001	14	65179	0	3	526.39	424.49	14.42	517.23	424.59	16.61	0	0	0	0	0	0	47	0		//해방군순찰대장이스트먼
55001	55001	14	65180	0	3	533.47	-30.46	-2.08	534.3	-33.91	-2.44	0	0	0	0	0	0	47	0		//도굴범와인버그
55001	55001	14	65181	0	0	605.4	189.66	4.4	603.98	189.63	4.4	0	0	0	0	0	0	47	0		//해방군기밀문서1
55001	55001	14	65182	0	0	590.08	290.79	7.58	585.23	290.56	7.58	0	0	0	0	0	0	47	0		//해방군기밀문서2
55001	55001	14	65183	0	0	438.18	294.46	8.43	439.28	288.83	8.19	0	0	0	0	0	0	47	0		//해방군기밀문서3
55001	55001	14	65184	0	0	412.93	210.7	5.63	413.59	209.19	5.63	0	0	0	0	0	0	47	0		//해방군기밀문서4
55021	55021	14	65185	0	3	7.57	-194.42	-31.54	6.59	-192.33	-33.54	0	0	0	0	0	0	47	0		//해방군연락병네빌
55021	55021	14	65186	0	3	9.89	-242.44	-53.97	12.18	-244.4	-53.97	0	0	0	0	0	0	47	0		//조사관캔들
55021	55021	14	65187	0	0	104.41	-156.63	-45.66	101.11	-156.66	-45.66	0	0	0	0	0	0	47	0		//사교의제물1
55021	55021	14	65188	0	0	34.39	-143.78	-45.66	34.78	-147.2	-45.66	0	0	0	0	0	0	47	0		//사교의제물2
55021	55021	14	65189	0	3	199.24	-382.9	-55.22	199.18	-380.1	-55.26	0	0	0	0	0	0	47	0		//해방군수색병쿠퍼
55021	55021	14	65190	0	3	133.51	-411.1	-55.72	131.4	-408.92	-55.72	0	0	0	0	0	0	47	0		//해방군수색병한스
55041	55041	14	65191	0	3	64.34	-13.46	-3.96	56.14	-9.88	-5.26	0	0	0	0	0	0	47	0		//해방군돌격부대장그로스
55101	55101	14	65192	0	3	422.52	282.22	11.26	420.01	282.29	11.11	0	0	0	0	0	0	47	0		//해방군돌격연대장코맥
55101	55101	14	65193	0	3	177.44	138.99	-6.81	175.26	137.86	-6.81	0	0	0	0	0	0	47	0		//사로잡힌시민1
55101	55101	14	65194	0	3	250.19	211.25	0.72	249.37	208.52	0.72	0	0	0	0	0	0	47	0		//사로잡힌시민2
55081	55081	14	65195	0	3	264.07	370.78	2.47	261.86	372.61	2.47	0	0	0	0	0	0	47	0		//해방군전령램
55121	55121	14	65196	0	3	392.21	384.71	9.53	400	389.62	9.53	0	0	0	0	0	0	47	0		//해방군돌격부단장샤르파크
55121	55121	14	65197	0	3	407.82	384.48	9.53	400	389.62	9.53	0	0	0	0	0	0	47	0		//해방군돌격부단장그룬베르크
55081	55081	14	65198	0	3	652.11	275.19	1.89	651.4	275.19	1.89	0	0	0	0	0	0	47	0		//대제례의식의제물1
55081	55081	14	65199	0	3	147.99	275.22	1.89	149.71	275.22	1.82	0	0	0	0	0	0	47	0		//대제례의식의제물2
55081	55081	14	65200	0	3	310.41	176.3	1.23	310.34	174.45	1.25	0	0	0	0	0	0	47	0		//대제례의식의제물3
55081	55081	14	65201	0	3	490.19	172.84	1.1	491.39	172.79	1.1	0	0	0	0	0	0	47	0		//대제례의식의제물4
20103	20103	14	65203	1	0	65.95	121.12	7.06	64.96	188.99	7.06	0	0	0	0	0	0	47	0		//정찰병의시체1
20103	20103	14	65204	1	0	92.75	102.28	7.06	91.18	103	7.06	0	0	0	0	0	0	47	0		//정찰병의시체2
20103	20103	14	65205	1	0	142.7	114.8	7.06	141.27	112.3	7.06	0	0	0	0	0	0	47	0		//정찰병의시체3
20103	20103	14	65206	1	0	161.31	94.79	7.06	157.42	92.02	7.06	0	0	0	0	0	0	47	0		//정찰병의시체4
20103	20103	14	65207	1	0	188.78	114.29	7.06	183.56	110.26	7.06	0	0	0	0	0	0	47	0		//정찰병의시체5
20103	20103	14	65208	1	0	169.97	127.7	7.06	166.83	123.62	7.06	0	0	0	0	0	0	47	0		//정찰병의시체6
//10001	10001	14	63919	0	3	-50.86	41.38	-22.26	-49.78	44	-22.85	0	0	0	0	0	0	47	0		//해방군이벤트요원윈드
//0903 관련 NPC																					
54081	54081	14	63920	0	3	-275.83	-295.5	144.61	-271.84	-295.29	144.61	0	0	0	0	0	0	47	0		//정찰병네비
54021	54021	1	63921	0	0	350.56	342.55	76.33	350.69	343.62	76.33	0	0	0	0	0	0	1	0		//괴인
55041	55041	14	63922	0	3	64.4	2.43	-3.96	56.24	-1.81	-5.26	0	0	0	0	0	0	47	0		//석실조사관빌
55041	55041	14	63923	1	0	60.64	-5.83	-3.31	59.89	-5.88	-3.31	0	0	0	0	0	0	47	0		//석관앞시체
55081	55081	14	63924	0	3	251.16	389.34	2.47	252.99	389.93	2.47	0	0	0	0	0	0	47	0		//발키리파견요원클라라
55081	55081	14	63925	0	3	571.77	327.8	-5	569.64	328.68	-5	0	0	0	0	0	0	47	0		//도굴범버그와인
55121	55121	14	63926	0	3	408	364.8	9.53	399.97	359.79	9.53	0	0	0	0	0	0	47	0		//에테르연구원사라
2	2	14	65216	0	3	6.58	74.95	5.84	4.01	72.48	6.16	0	0	0	0	0	0	47	0		//수색병아헨
2	2	14	65217	0	3	-50.61	39.98	-0.21	-49.2	41.18	-0.44	0	0	0	0	0	0	47	0		//수색병아그람
2	2	14	65218	0	3	-61.81	-24.58	-4.86	-60.05	-26.51	-5.1	0	0	0	0	0	0	47	0		//수색병알토나
2	2	14	65219	0	3	-7.59	-78.25	-3.76	-7.39	-75.96	-3.73	0	0	0	0	0	0	47	0		//수색병슈비츠
3	3	14	65220	0	3	16.37	32.39	-0.53	19.15	32.97	-1.04	0	0	0	0	0	0	47	0		//수색병바텐
3	1	14	65221	0	3	-179.73	300.04	10.12	-181.22	297.51	10.3	0	0	0	0	0	0	47	0		//수색병보훔
3	1	14	65222	0	3	-198.77	165.2	9.92	-197.34	162.75	7.66	0	0	0	0	0	0	47	0		//수색병보텐
3	1	14	65223	0	3	-201.49	101.58	0.84	-203.11	103.33	0.96	0	0	0	0	0	0	47	0		//수색병아이펠
3	1	14	65224	0	3	-201.58	247.84	18.81	-198.6	249.82	18.72	0	0	0	0	0	0	47	0		//수색병엠덴
4	2	14	65225	0	3	-8.85	-67.69	-3.12	-9.79	-70.25	-3.4	0	0	0	0	0	0	47	0		//수색병델스베르크
4	2	14	65226	0	3	119.76	7.69	9.78	112.14	6.61	9.78	0	0	0	0	0	0	47	0		//수색병엠스
4	1	14	65227	0	3	-230.27	310.03	18.32	-228.65	310.16	17.93	0	0	0	0	0	0	47	0		//수색병에르푸르트
4	1	14	65228	0	3	-106.53	63.45	14.6	-109.86	67.27	13.92	0	0	0	0	0	0	47	0		//수색병에를랑켄
1	1	14	65229	0	3	-123.94	367.09	28.12	-126.44	362.63	28.24	0	0	0	0	0	0	47	0		//수색병고타
1	2	14	65230	0	3	119.76	7.69	9.78	112.14	6.61	9.78	0	0	0	0	0	0	47	0		//수색병호지
1	3	14	65231	0	3	52.99	-51.23	-2.34	49.53	-49.15	-2.35	0	0	0	0	0	0	47	0		//수색병에센
9	19	14	65232	0	3	221.83	138.1	16.03	219.49	138.93	16.03	0	0	0	0	0	0	47	0		//수색병하겐
9	19	14	65233	0	3	328.52	22.47	9.9	331.39	21.07	9.9	0	0	0	0	0	0	47	0		//수색병할레
9	19	14	65234	0	3	335.35	116.81	9.9	337.19	113.68	9.9	0	0	0	0	0	0	47	0		//수색병헤센
9	19	14	65235	0	3	311.33	183.48	19.84	311.2	186.73	19.84	0	0	0	0	0	0	47	0		//수색병홀스타인
7	5	14	65236	0	3	332.17	222.05	17.3	317.27	221.39	17.47	0	0	0	0	0	0	47	0		//수색병크라카우
7	5	14	65237	0	3	103.66	274.99	9.77	102.94	276.19	9.77	0	0	0	0	0	0	47	0		//수색병크레펠트
7	5	14	65238	0	3	191.22	148.52	3.32	189.02	151.85	3.32	0	0	0	0	0	0	47	0		//수색병마인츠
7	5	14	65239	0	3	83.1	-27.53	9.64	83.12	-25.78	9.64	0	0	0	0	0	0	47	0		//수색병미텔란트
7	1006	14	65241	0	3	126.56	104.64	7.06	131.42	103.27	7.06	0	0	0	0	0	0	47	0		//수색병코블랜츠
7	1006	14	65240	0	3	290.68	272.4	31.7	292.45	267.84	31.7	0	0	0	0	0	0	47	0		//수색부대장렘샤이트
8	5	14	65242	0	3	81.22	428.59	1.13	82.84	425.8	0.55	0	0	0	0	0	0	47	0		//수색병포젠
8	5	14	65243	0	3	114.8	333.6	9.76	109.64	332.07	9.76	0	0	0	0	0	0	47	0		//수색병팔츠
8	5	14	65244	0	3	169.91	169.25	4.61	173.04	161.55	4.62	0	0	0	0	0	0	47	0		//수색병루루
8	5	14	65245	0	3	62.29	169.89	9.59	72.89	173.58	9.59	0	0	0	0	0	0	47	0		//수색병지겐
8	5	14	65246	0	3	105.46	158.92	12.31	104.46	163.64	12.31	0	0	0	0	0	0	47	0		//수색병지텐
6	4	14	65248	0	3	51.36	191.07	16.28	46.39	190.78	16.24	0	0	0	0	0	0	47	0		//돌격병보름스
6	4	14	65249	0	3	366.1	163.94	12.36	368.65	160.18	12.28	0	0	0	0	0	0	47	0		//돌격병오스테
6	5	14	65250	0	3	78.91	-16.39	9.64	81.01	-23.64	9.64	0	0	0	0	0	0	47	0		//보급병요나스
6	5	14	65251	0	3	181.71	140.16	3.33	179.76	140.16	3.33	0	0	0	0	0	0	47	0		//돌격병하스
6	5	14	65252	0	3	332.17	222.05	17.3	317.27	221.39	17.47	0	0	0	0	0	0	47	0		//전령베어바움
6	505	14	65253	0	3	85.81	99.46	33.22	84.18	96.56	33.55	0	0	0	0	0	0	47	0		//겁쟁이요스
6	506	14	65254	0	3	29.79	48.48	12.04	2.86	48.48	12.04	0	0	0	0	0	0	47	0		//대장볼푸스부르크
6	506	14	65255	0	3	28.29	50.48	12.04	2.86	48.48	12.04	0	0	0	0	0	0	47	0		//해방군돌격병1
6	506	14	65256	0	3	28.29	46.48	12.04	2.86	48.48	12.04	0	0	0	0	0	0	47	0		//해방군돌격병2
6	5	14	65262	1	0	25.8	196.08	9.6	31.08	195.86	9.6	0	0	0	0	0	0	47	0		//돌격부대보급물품
10001	10001	14	65257	0	3	-59.02	36.04	-22.26	-61.08	36.06	-22.26	0	0	0	0	0	0	47	0		//대지의시련사제드리아드스
10001	10001	14	65258	0	3	-52.99	42.03	-22.26	-53.01	43.37	-22.43	0	0	0	0	0	0	47	0		//물의시련사제나이아드스
10003	10003	14	65259	0	3	350.88	407.84	43.1	352.5	407.88	43.1	0	0	0	0	0	0	47	0		//불의시련사제오레아드스
10003	10003	14	65260	0	3	325.81	407.7	43.1	324.06	407.68	43.1	0	0	0	0	0	0	47	0		//바람의시련사제나파에아스
10003	10003	14	65261	0	3	338.35	420.2	43.1	338.41	422.06	43.1	0	0	0	0	0	0	47	0		//어둠의시련사제네레이드
//0904 관련 NPC																					
10001	10001	25	65263	1	3	-57.34	24	-24.66	-56.8	18.46	-24.97	0	0	0	0	0	0	42	0		//하임로또
10002	10002	25	65264	1	3	150.46	165.09	15.51	144.9	166.35	15.1	0	0	0	0	0	0	42	0		//하임로또
10003	10003	25	65265	1	3	401.05	400.68	39.57	400.97	400.18	39.57	0	0	0	0	0	0	42	0		//하임로또
12	101	14	65266	0	3	88.9	154.81	33.75	85.68	153.39	33.65	0	0	0	0	0	0	47	0		//특수요원파벨
12	101	14	65267	0	3	497.8	165.55	23.14	494.64	166.47	22.92	0	0	0	0	0	0	47	0		//정찰병소피
12	101	14	65268	0	3	363.26	433.82	23.88	363.4	432.15	23.3	0	0	0	0	0	0	47	0		//정찰병시온
12	7	14	65269	0	3	551.36	342.16	41.91	551.57	339.64	41.45	0	0	0	0	0	0	47	0		//특수요원깁스
12	7	14	65270	0	3	550.08	123.93	36.1	547	124.97	36.12	0	0	0	0	0	0	47	0		//정찰병팀
12	7	14	65271	0	3	304.59	202.54	52.86	301	205.73	52.52	0	0	0	0	0	0	47	0		//정찰병바이퍼
12	7	14	65272	0	3	108.68	170.82	32.06	110.25	168.57	32.08	0	0	0	0	0	0	47	0		//정찰병모스
13	20	14	65273	0	3	88.9	154.81	33.75	85.68	153.39	33.65	0	0	0	0	0	0	47	0		//전투지휘관톰슨
13	20	14	65274	0	3	550.08	123.93	36.1	547	124.97	36.12	0	0	0	0	0	0	47	0		//1소대장크로스
13	20	14	65275	0	3	291.53	265.15	49.47	291.34	263.1	49.5	0	0	0	0	0	0	47	0		//2소대장스미스
13	20	14	65276	0	3	471.19	406.16	39.4	475.09	403.6	39.26	0	0	0	0	0	0	47	0		//3소대장베인
14	8	14	65277	0	3	211.9	61.74	29.24	212.85	59.87	29.09	0	0	0	0	0	0	47	0		//설원진격중대장카인
14	8	14	65278	0	3	200.48	209.03	29.24	201.65	207.04	29.27	0	0	0	0	0	0	47	0		//척후병미키
14	8	14	65279	0	3	207.19	334.06	32.69	207.21	333.72	32.49	0	0	0	0	0	0	47	0		//척후병윌슨
14	9	14	65280	0	3	-60.26	-4.63	-1.12	-60.34	-3.27	-1.12	0	0	0	0	0	0	47	0		//선임척후병마르코
11	7	14	65281	0	3	297.02	171.12	33.55	295.43	171.94	33.61	0	0	0	0	0	0	47	0		//탐색병빈
11	7	14	65282	0	3	411.9	390.8	38.33	410.94	390.79	38.33	0	0	0	0	0	0	47	0		//탐색병다니엘
11	8	14	65283	0	3	164.26	132.62	29.13	163.32	131.63	28.88	0	0	0	0	0	0	47	0		//수색병윌리
11	8	14	65284	0	3	207.11	184.9	28.93	207.7	186.3	28.68	0	0	0	0	0	0	47	0		//수색병맥스
11	8	14	65285	0	3	185.74	329.39	33.2	187.56	325.76	33.15	0	0	0	0	0	0	47	0		//수색병찰스
11	508	14	65286	0	3	40.03	24.94	1	40.02	23.88	1	0	0	0	0	0	0	47	0		//수색병왓슨
11	9	14	65287	0	3	5.87	-70.74	0	4.73	-73.3	0	0	0	0	0	0	0	47	0		//수색병수단
11	509	14	65288	0	3	-18.79	-27.36	-2.58	-19.62	-28.82	-2.58	0	0	0	0	0	0	47	0		//선발대장마이트
17	10	14	65289	0	3	282.94	556.64	45.35	283.39	557.43	45.04	0	0	0	0	0	0	47	0		//정찰대장닐슨
17	10	14	65290	0	3	529.68	69.46	69.25	530.11	71.75	68.72	0	0	0	0	0	0	47	0		//정찰병마크
17	10	14	65291	0	3	539.41	172.64	73.08	541.81	173.4	73.48	0	0	0	0	0	0	47	0		//정찰병단
17	10	14	65292	0	3	450.09	229.25	72.76	450.98	227.87	72.19	0	0	0	0	0	0	47	0		//정찰병해리거
17	10	14	65293	0	3	496.83	419.51	72.13	496.11	418.53	72.33	0	0	0	0	0	0	47	0		//정찰병잭
17	11	14	65294	0	3	142.65	521.52	83.11	144.36	523.54	83.18	0	0	0	0	0	0	47	0		//정찰대장하이든
18	10	14	65295	0	3	593.57	431.65	78.57	590.58	431.2	78.11	0	0	0	0	0	0	47	0		//발키리클랜원피비
18	11	14	65296	0	3	257.29	439.78	81.75	258.36	440.01	81.19	0	0	0	0	0	0	47	0		//발키리클랜원진
18	11	14	65297	0	3	491.56	140.91	36.81	490.82	142.42	36.85	0	0	0	0	0	0	47	0		//발키리클랜원제이나
18	11	14	65298	0	3	180.11	388.62	80.89	178.39	387.41	80.92	0	0	0	0	0	0	47	0		//발키리클랜원제인
18	522	14	65299	0	3	-2.74	37.38	-0.79	-2.02	38.99	-0.68	0	0	0	0	0	0	47	0		//발키리클랜원줄리아
19	11	14	65300	0	3	479.58	108.75	33.67	475.52	104.31	33.07	0	0	0	0	0	0	47	0		//수장구출작전지휘관웨인스
19	11	14	65301	0	3	251.13	279.28	72	248.29	281.8	72	0	0	0	0	0	0	47	0		//정찰요원리나
19	11	14	65302	0	3	169.79	389.92	81.51	170.67	389.33	81.05	0	0	0	0	0	0	47	0		//수색요원타미
19	11	14	65303	0	3	42.3	465.07	76.65	42.38	461.96	75.59	0	0	0	0	0	0	47	0		//정찰요원해리
19	11	14	65304	0	3	153.02	528.98	83.27	150.73	528.66	83.04	0	0	0	0	0	0	47	0		//정찰요원미구엘
19	12	14	65305	0	3	-0.25	-76.33	-12.02	3.61	-76.42	-12.29	0	0	0	0	0	0	47	0		//수색요원달시
19	521	14	65306	0	3	-7.76	-35.69	1.95	-5.77	-33	1.95	0	0	0	0	0	0	47	0		//수색요원알렉스
19	519	14	65307	0	3	-7.76	-35.69	1.95	-5.77	-33	1.95	0	0	0	0	0	0	47	0		//수색요원피스
19	12	14	65308	0	3	20.19	-22.15	-45.89	17.97	-17.56	-47.29	0	0	0	0	0	0	47	0		//정찰요원제임스
19	12	14	65309	0	3	93.21	-14.36	-2.86	87.82	-14.91	-3.07	0	0	0	0	0	0	47	0		//수색요원릴라
19	520	14	65310	0	3	7.47	-25.4	1.95	8.66	-25.04	1.95	0	0	0	0	0	0	47	0		//정찰요원베어스
16	10	14	65311	0	3	557.34	32.46	60.66	562.04	30.06	60.86	0	0	0	0	0	0	47	0		//정찰병그린
16	10	14	65312	0	3	536.28	401.6	70.19	537.01	406.09	69.02	0	0	0	0	0	0	47	0		//정찰병게이
16	510	14	65313	0	3	-2.74	37.38	-0.79	-2.02	38.99	-0.68	0	0	0	0	0	0	47	0		//수색요원레스
16	11	14	65314	0	3	466.91	92.03	32.52	464.22	91.59	32.58	0	0	0	0	0	0	47	0		//정찰요원키드
16	11	14	65315	0	3	198.45	291.13	63.91	198.51	288.38	64.29	0	0	0	0	0	0	47	0		//고고학전문가존스
16	11	14	65316	0	3	282.03	459.34	82.07	281.08	458.7	82	0	0	0	0	0	0	47	0		//겁쟁이빈
16	11	14	65317	0	3	86.72	500.2	83.04	84.09	499.76	83.04	0	0	0	0	0	0	47	0		//정예수색병베킨스
16	511	14	65318	0	3	200.83	159.82	26.52	201.36	162.33	26.52	0	0	0	0	0	0	47	0		//정예정찰병멀덕
16	511	14	65319	0	3	47.33	145.74	34.26	48.56	146.27	34.26	0	0	0	0	0	0	47	0		//정예정찰병스컬린
16	12	14	65320	0	3	-0.25	-76.33	-12.02	3.81	-76.42	-12.29	0	0	0	0	0	0	47	0		//정찰대장밀러
16	12	14	65321	0	3	13.18	-68.95	-12.05	13.43	-70.86	-12.14	0	0	0	0	0	0	47	0		//수색대장리온
16	512	14	65322	0	3	-14.45	-29.91	1.95	-13.25	-30.44	1.95	0	0	0	0	0	0	47	0		//최정예요원이든
22	107	14	65323	0	3	416.25	251.28	11.16	416.21	249.81	11.16	0	0	0	0	0	0	47	0		//도굴범와인버그
23	14	14	65324	0	3	74.4	-394	-60.14	71.49	-392.76	-60.14	0	0	0	0	0	0	47	0		//도굴범와인버그
24	105	14	65325	0	3	310.39	234.45	-5.09	309.5	232.56	-5.09	0	0	0	0	0	0	47	0		//도굴범버그와인
25	108	14	65326	0	3	90	-10.21	-3.88	86.25	-8.83	-3.88	0	0	0	0	0	0	47	0		//마리안느
21	116	14	65327	0	3	418.53	327.16	22.95	419.71	329.23	22.95	0	0	0	0	0	0	47	0		//암살자크리스
20205	20205	14	65330	0	3	-24.53	-36.64	2.97	-22.82	-34.42	2.53	0	0	0	0	0	0	47	0		//얼음의정령
20205	20205	14	65332	0	3	27.46	273.93	0.45	26.46	271.87	0.45	0	0	0	0	0	0	47	0		//눈의정령
54001	54001	14	65334	0	3	761.85	297.32	67.42	758.03	298.82	67.8	0	0	0	0	0	0	47	0		//화염의정령
54001	54001	14	65336	0	3	637.34	521.42	77.82	636.83	521.39	77.82	0	0	0	0	0	0	47	0		//전사의정령
54061	54061	14	65352	0	3	286.16	44.12	113.62	286.24	45.54	113.91	0	0	0	0	0	0	47	0		//사라진전령
11	509	14	65342	0	3	5.14	67.39	-2.58	4.19	55.76	-2.58	0	0	0	0	0	0	47	0		//제국첩자
//0905 관련 NPC																					
10004	10004	25	65354	1	3	46.45	-12.42	-1.62	45.95	-16.04	-1.52	0	0	0	0	0	0	42	0		//하임로또
10004	10004	14	65417	0	3	-45.68	42.39	54.03	-45.24	42.39	54.03	0	0	0	0	0	0	47	0		//천문학자루카
//10004	10004	14	0	0	3	114.26	20.49	16.06	114.21	22.74	16.06	0	0	0	0	0	0	47	0		//사제
//10004	10004	14	0	0	3	-44.3	-31	0.48	-44.8	-31.18	0.22	0	0	0	0	0	0	47	0		//자경단원1
//10004	10004	14	0	0	3	-49.04	-35.47	0.42	-49.37	34.95	0.14	0	0	0	0	0	0	47	0		//자경단원2
//10004	10004	14	0	0	3	-58.34	-23.95	0.66	-57.44	-23.13	0.41	0	0	0	0	0	0	47	0		//자경단원3
10002	10002	26	65356	0	3	158.35	156.75	15.88	157.36	158.28	15.88	0	0	0	0	0	0	41	0		//친구초대이벤트
//10002	10002	1	65418	0	3	168.61	148.57	15.94	158.15	156.41	15.88	0	0	0	0	0	0	41	0		//브랜든(마부)
//10002	10002	14	5409	1	0	171.84	148.75	15.97	158.15	156.41	15.88	0	0	0	0	0	0	41	0		//군마(디스플레이)
56001	56001	14	65380	0	3	9.41	-143.67	1.6	10.87	-143.69	0.98	0	0	0	0	0	0	47	0		//생물학자드리슈
56001	56001	14	65381	0	3	82.1	127.36	17.24	80.33	125.89	17.22	0	0	0	0	0	0	47	0		//천문학자람베르트
56001	56001	5	65368	0	3	-155.43	35.51	-1.63	-155.44	33.95	-1.62	0	0	0	0	0	0	43	0		//늪지대경비병1
56001	56001	5	65369	0	3	-140.37	35.14	-1.74	-140.5	33.51	-1.72	0	0	0	0	0	0	43	0		//늪지대경비병2
56001	56001	5	65370	0	3	-155.16	83.64	-0.3	-111.77	84.99	-0.47	0	0	0	0	0	0	43	0		//늪지대경비병3
56001	56001	5	65371	0	3	-121.58	98.95	0.33	-120.14	98.98	0.43	0	0	0	0	0	0	43	0		//늪지대경비병4
56001	56001	5	65372	0	3	-153.01	122.97	-1.9	-153.01	124.14	-1.95	0	0	0	0	0	0	43	0		//늪지대경비병5
56001	56001	5	65373	0	3	-168.65	122.99	-1.76	-168.54	125.02	1.83	0	0	0	0	0	0	43	0		//늪지대경비병6
56001	56001	14	65374	0	3	-158.3	59.68	-1.3	-157.15	60.02	-1.39	0	0	0	0	0	0	47	0		//사제바슐라르
56001	56001	14	65375	0	3	-164.06	81.63	-1.27	-161.49	81.2	-1.39	0	0	0	0	0	0	47	0		//사제발렌티누스
56001	56001	14	65376	0	3	-161.42	68.89	-0.7	-159.89	68.97	-0.84	0	0	0	0	0	0	47	0		//자경단원셀림
56001	56001	14	65377	0	3	-165.78	97.22	-1.35	-164.88	97.68	-1.37	0	0	0	0	0	0	47	0		//자경단원셀러
56001	56001	14	65378	0	3	-136.94	103.9	-0.01	-136.67	101.16	0.04	0	0	0	0	0	0	47	0		//발키리클랜정찰병에바
56001	56001	14	65379	0	3	-140.29	77.87	-1.38	-141.43	77.78	-1.43	0	0	0	0	0	0	47	0		//의원분트
10004	10004	14	65357	0	3	12.24	-39.66	1.74	11.12	-40.07	1.74	0	0	0	0	0	0	47	0		//신자의보석1
10004	10004	14	65358	0	3	12.71	-52.61	1.74	12.19	-52.88	1.74	0	0	0	0	0	0	47	0		//신자의보석2
10004	10004	14	65359	0	3	-35.56	-42.08	-3.81	-35.49	-44.78	-3.81	0	0	0	0	0	0	47	0		//신자의보석3
10004	10004	14	65360	0	3	-25.46	-38.1	-3.81	-22.44	-35.79	-3.81	0	0	0	0	0	0	47	0		//신자의보석4
10004	10004	14	65361	0	3	-7.29	-16.38	-3.81	-5.31	-18.56	-3.81	0	0	0	0	0	0	47	0		//신자의보석5
56021	56021	14	65388	0	3	415.73	244.32	65	415.24	243.58	65	0	0	0	0	0	0	47	0		//의원가브리엘
56021	56021	14	65396	0	3	391.87	261.83	65.2	389.51	257.1	65.2	0	0	0	0	0	0	47	0		//전령제페르트
56021	56021	14	65397	0	3	411.67	251.94	65.01	409.28	251.13	65.06	0	0	0	0	0	0	47	0		//부관비트포겔
56021	56021	14	65391	0	3	405.58	254.06	65.03	406.03	251.89	65.09	0	0	0	0	0	0	47	0		//해방군정찰대장슈파이어
56021	56021	14	65401	0	3	406.77	204.65	65.2	408.96	205.37	65.14	0	0	0	0	0	0	47	0		//사제스트라본
56021	56021	5	65405	0	3	403.73	226.1	65	402.54	244.95	65.29	0	0	0	0	0	0	43	0		//해방군병사2
56021	56021	14	65402	0	3	349.37	317.44	65	350.59	317.23	65	0	0	0	0	0	0	47	0		//학자테스피스
56021	56021	14	65392	0	3	168.73	79.68	64.99	170.53	79.71	64.99	0	0	0	0	0	0	47	0		//해방군정찰부대장파펜
56021	56021	5	65406	0	3	166.83	72.85	64.99	169.95	72.94	64.99	0	0	0	0	0	0	43	0		//해방군병사3
56021	56021	5	65407	0	3	166.91	86.25	64.99	170.55	86.17	64.99	0	0	0	0	0	0	43	0		//해방군병사4
56021	56021	14	65398	0	3	355.6	97.45	65.92	356.41	98.29	65.65	0	0	0	0	0	0	47	0		//사제바시나스
56021	56021	14	65399	0	3	350.12	103.49	65.29	350.58	104.84	65.22	0	0	0	0	0	0	47	0		//자경단원자고라키스
56021	56021	14	65400	0	3	360.42	90.95	65	361.64	90.82	65	0	0	0	0	0	0	47	0		//자경당원카라구니스
56021	56021	14	65403	0	3	170.06	333.32	65	169.99	331.73	65	0	0	0	0	0	0	47	0		//학자카라만리스
56021	56021	14	65393	0	3	188.75	119.77	65	188.09	120.47	65	0	0	0	0	0	0	47	0		//해방군정찰병알브레히트
56001	56001	14	65385	0	3	-110.04	-106.85	19.28	-109.95	-107.5	19.28	0	0	0	0	0	0	47	0		//작은에테르고릴라
56021	56021	14	65389	0	3	395.82	119.49	65.22	395.24	119.5	65.22	0	0	0	0	0	0	47	0		//조사관리시포스
56021	56021	14	65390	0	3	395.43	107.44	65.21	393.97	107.49	65.21	0	0	0	0	0	0	47	0		//조사관에르고티모스
56021	56021	14	65394	0	3	338.64	343.26	65.71	337.26	343.18	65.71	0	0	0	0	0	0	47	0		//해방군정찰병베르톨트
56021	56021	14	65395	0	3	272.26	47.1	65	273.93	49.85	65	0	0	0	0	0	0	47	0		//해방군정찰병미헬스
//1002관련퀘스트NPC_헬론지하층_1층_서브미션2																					
56041	56041	14	65476	0	3	426.64	288.08	8.83	431	287.86	8.83	0	0	0	0	0	0	47	0		//해방군돌격대장나나크
56041	56041	14	65434	0	3	424.77	292.44	8.83	431	292.4	8.83	0	0	0	0	0	0	47	0		//해방군돌격병버뱅크
56041	56041	14	65435	0	3	425.16	307.27	8.83	431	306.87	8.83	0	0	0	0	0	0	47	0		//사제베로키오
56041	56041	14	65447	0	3	424.76	311.42	8.83	430.4	310.95	8.83	0	0	0	0	0	0	47	0		//학자라마르크
56041	56041	14	65436	0	3	330.63	220.91	-0.15	328.42	217.71	-0.33	0	0	0	0	0	0	47	0		//사제그라쿠스
56041	56041	14	65437	0	3	327.16	208.39	0.26	331.7	205.59	-0.45	0	0	0	0	0	0	47	0		//실험체NO.332
56041	56041	14	65438	0	3	324.07	206.51	0.26	323.54	201.41	-0.38	0	0	0	0	0	0	47	0		//실험체NO.333
56041	56041	14	65439	0	3	324.09	213.85	0.26	324.4	219.04	-0.2	0	0	0	0	0	0	47	0		//실험체NO.334
56041	56041	14	65440	0	3	320.91	212.05	0.26	316.55	214.18	-0.52	0	0	0	0	0	0	47	0		//실험체NO.335
56041	56041	14	65441	0	3	270.87	205.33	5.17	276.74	206.29	3.95	0	0	0	0	0	0	47	0		//실험체NO.7000
56041	56041	14	65442	0	3	269.08	202.17	5.17	217.31	197.6	3.95	0	0	0	0	0	0	47	0		//실험체NO.7672
56041	56041	14	65443	0	3	265.38	202.14	5.17	262.3	196.66	3.95	0	0	0	0	0	0	47	0		//실험체NO.8001
56041	56041	14	65444	0	3	263.57	205.28	5.17	258.44	205.59	3.95	0	0	0	0	0	0	47	0		//실험체NO.8855
56041	56041	14	65445	0	3	265.51	208.44	5.17	262.61	213.74	3.95	0	0	0	0	0	0	47	0		//실험체NO.9008
56041	56041	14	65446	0	3	269.03	208.44	5.17	272.16	231.39	3.95	0	0	0	0	0	0	47	0		//실험체NO.9999
56041	56041	14	65448	0	3	254.92	371.85	4.21	259.81	376.8	4.07	0	0	0	0	0	0	47	0		//학자레스코
56041	56041	14	65449	0	3	227.13	373.77	4.58	225.45	365.51	3.95	0	0	0	0	0	0	47	0		//주문제어장치
56061	56061	14	65450	0	3	-113.26	-7.91	0.12	-110.69	-11.29	0.12	0	0	0	0	0	0	47	0		//해방군돌격부대장모건
56061	56061	14	65451	0	3	-108.39	-3.99	0.12	-103.46	-6.08	0.12	0	0	0	0	0	0	47	0		//해방군돌격병발머
56061	56061	14	65475	0	3	-107.24	0.96	0.12	-102.46	0.88	0.12	0	0	0	0	0	0	47	0		//사제베르그송
56061	56061	14	65453	0	3	-109.83	5.88	0.12	-106.2	7.35	0.12	0	0	0	0	0	0	47	0		//학자클라라
56061	56061	14	65452	0	3	32.31	101.25	-2.07	32.33	105.56	-2.29	0	0	0	0	0	0	47	0		//주문제어장치
56061	56061	14	65454	0	3	21.55	-120.22	-2.29	24.03	-117.93	-2.29	0	0	0	0	0	0	47	0		//감독관NO.5
28	119	14	65478	0	3	430.08	309.45	8.83	435.24	305.77	8.83	0	0	0	0	0	0	47	0		//해방군돌격병달가스_헬론S2NPC
//2009크리스마스이벤트 NPC																					
//10002	10002	14	65420	0	3	134.49	171.16	14.29	149.42	210.97	15.92	0	0	0	0	0	0	47	0		//행복의산타
//10002	10002	14	65421	0	3	132.42	163.3	14.38	137.57	142.5	14.79	0	0	0	0	0	0	47	0		//축복의산타
//10002	10002	14	65422	0	3	127.1	169.71	14.11	96.64	177.66	12.49	0	0	0	0	0	0	47	0		//사랑의산타
//헬론의 성 서브 1 NPC																					
27	118	5	65427	0	3	197.44	13.66	9.43	195.56	65.92	11.35	0	0	0	0	0	0	47	0		//늪지대정찰병
//중국_2010구정이벤트																					
//10003	10003	14	65428	0	3	334.17	181.44	78.84	334.17	188.44	78.84	0	0	0	0	0	0	47	0		//최고급비단주머니
//10003	10003	14	65429	0	3	336.67	181.44	78.84	336.67	188.44	78.84	0	0	0	0	0	0	47	0		//고급비단주머니
//10003	10003	14	65430	0	3	339.17	181.44	78.84	339.17	188.44	78.84	0	0	0	0	0	0	47	0		//중급비단주머니
//10003	10003	14	65431	0	3	342.67	181.44	78.84	342.67	188.44	78.84	0	0	0	0	0	0	47	0		//초급비단주머니
//중국3주년이벤트NPC				0	3																
//1	503	14	64663	0	3	12	5.07	1.38	12.86	7.48	1.38	0	0	0	0	0	0	47	0		//구정년이벤트NPC(야숲)
//6	506	14	64664	0	3	13.28	70.44	12.04	16.13	68.26	12.04	0	0	0	0	0	0	47	0		//구정이벤트NPC(지하수로)
//11	509	14	64665	0	3	-34.96	-20.96	-2.58	-32.66	-17.34	-2.58	0	0	0	0	0	0	47	0		//구정이벤트NPC(설원)
//16	512	14	64666	0	3	-13.79	-28.7	1.95	-11.52	-26.21	1.95	0	0	0	0	0	0	47	0		//구정이벤트NPC(용족)
//21	117	14	64667	0	3	32.67	133.49	18.84	12.59	84.36	18.84	0	0	0	0	0	0	47	0		//구정이벤트NPC(아이올트)
//26	122	14	64668	0	3	229.65	-44.74	73.57	224.45	-39.25	73.59	0	0	0	0	0	0	47	0		//구정이벤트NPC(헬론)
//10001	10001	14	64671	0	3	-50.86	41.38	-22.26	-49.78	44	-22.85	0	0	0	0	0	0	47	0		//구정이벤트NPC(트링겔)
//헬론의성서브2_검은에테르의정체미션NPC																					
28	119	14	799	0	0	0	0	0	0	0	0	0	0	0	0	0	0	0	301		//섀도우첨보원_시작지점_헬론S2
28	119	14	800	0	0	0	0	0	0	0	0	0	0	0	0	0	0	0	302		//오크라주민_제1연구실_헬론S2
28	119	14	801	0	0	0	0	0	0	0	0	0	0	0	0	0	0	0	303		//오크라주민_제2연구실_헬론S2
28	119	14	802	0	0	0	0	0	0	0	0	0	0	0	0	0	0	0	304		//사로잡힌오크라주민1_제1지하감옥_헬론S2
28	119	14	803	0	0	0	0	0	0	0	0	0	0	0	0	0	0	0	305		//사로잡힌오크라주민2_제1지하감옥_헬론S2
28	119	14	804	0	0	0	0	0	0	0	0	0	0	0	0	0	0	0	306		//사로잡힌오크라주민3_제1지하감옥_헬론S2
28	119	14	805	0	0	0	0	0	0	0	0	0	0	0	0	0	0	0	307		//사로잡힌오크라주민4_제1지하감옥_헬론S2
28	119	14	806	0	0	0	0	0	0	0	0	0	0	0	0	0	0	0	308		//사로잡힌오크라주민5_제1지하감옥_헬론S2
28	119	14	807	0	0	0	0	0	0	0	0	0	0	0	0	0	0	0	309		//사로잡힌오크라주민6_제1지하감옥_헬론S2
28	119	14	808	0	0	0	0	0	0	0	0	0	0	0	0	0	0	0	310		//사로잡힌오크라주민대표_제1지하감옥_헬론S2
28	119	14	809	0	0	0	0	0	0	0	0	0	0	0	0	0	0	0	311		//사로잡힌오크라주민1_제2지하감옥_헬론S2
28	119	14	810	0	0	0	0	0	0	0	0	0	0	0	0	0	0	0	312		//사로잡힌오크라주민2_제2지하감옥_헬론S2
28	119	14	811	0	0	0	0	0	0	0	0	0	0	0	0	0	0	0	313		//사로잡힌오크라주민3_제2지하감옥_헬론S2
28	119	14	812	0	0	0	0	0	0	0	0	0	0	0	0	0	0	0	314		//사로잡힌오크라주민4_제2지하감옥_헬론S2
28	119	14	813	0	0	0	0	0	0	0	0	0	0	0	0	0	0	0	315		//사로잡힌오크라주민5_제2지하감옥_헬론S2
28	119	14	814	0	0	0	0	0	0	0	0	0	0	0	0	0	0	0	316		//사로잡힌오크라주민6_제2지하감옥_헬론S2
28	119	14	815	0	0	0	0	0	0	0	0	0	0	0	0	0	0	0	317		//사로잡힌오크라주민대표_제2지하감옥_헬론S2
28	119	14	816	0	0	0	0	0	0	0	0	0	0	0	0	0	0	0	368		//오크라주민(도우미)_기계실안_헬론S2
//국내_2010월드컵이벤트				0	3																
//10002	10002	14	64669	0	3	157.11	167.56	15.88	156.89	166.31	15.88	0	0	0	0	0	0	41	0		//국내_2010월드컵(사커워드커)
//헬론의성 중층지역_퀘스트NPC																					
56081	56081	14	65480	0	3	209.47	299.55	-2.8	210.09	293.98	-2.81	0	0	0	0	0	0	47	0		//해방군 부사령관 갈레노스
56081	56081	14	65482	0	3	209.98	308.74	-2.8	211.13	300.01	-2.81	0	0	0	0	0	0	47	0		//부관 마젤란
56081	56081	14	65481	0	3	209.64	289.64	-2.8	210.11	306.09	-2.81	0	0	0	0	0	0	47	0		//부관 버니언
56081	56081	14	65483	0	3	254.35	377.82	-2.8	256.33	376.74	-2.81	0	0	0	0	0	0	47	0		//붉은 봉인의 결계장치
56081	56081	14	65484	0	3	344.48	377.68	-2.8	343.6	375.57	-2.81	0	0	0	0	0	0	47	0		//검은 봉인의 결계장치
56081	56081	14	65485	0	3	254.81	221.76	-2.8	255.39	223.63	-2.81	0	0	0	0	0	0	47	0		//혼탁한 봉인의 결계장치
56081	56081	14	65486	0	3	344.42	222.11	-2.8	342.57	223.96	-2.81	0	0	0	0	0	0	47	0		//부정한 봉인의 결계장치
56081	56081	14	65487	0	3	389.42	299.56	-2.8	387.06	298.11	-2.81	0	0	0	0	0	0	47	0		//결계제어장치
56081	56081	14	65499	0	3	246.07	382.25	-2.8	248.65	381.06	-2.81	0	0	0	0	0	0	47	0		//증식세포(1)
56081	56081	14	65500	0	3	299.88	393.19	-3.16	299.88	390.63	-3.17	0	0	0	0	0	0	47	0		//증식세포(2)
56081	56081	14	65501	0	3	353.54	382.25	-2.8	351.18	381.31	-2.81	0	0	0	0	0	0	47	0		//증식세포(3)
56081	56081	14	65502	0	3	248.34	231.25	-2.8	249.65	231.42	-2.81	0	0	0	0	0	0	47	0		//증식세포(4)
56081	56081	14	65503	0	3	299.84	207.62	-3.16	299.79	210.28	-3.17	0	0	0	0	0	0	47	0		//증식세포(5)
56081	56081	14	65504	0	3	354.38	221.29	-2.8	351.89	221.84	-2.81	0	0	0	0	0	0	47	0		//증식세포(6)
//헬론의성 1층지역_퀘스트NPC																					
56061	56061	14	65494	0	3	-91.88	133.34	0.13	-92.54	131.8	0.13	0	0	0	0	0	0	47	0		//증식세포(1)
56061	56061	14	65495	0	3	-76.82	-108.8	0.12	-77.61	-109.02	0.13	0	0	0	0	0	0	47	0		//증식세포(2)
56061	56061	14	65496	0	3	47.99	120.72	-1.09	-46.74	120.48	-1.13	0	0	0	0	0	0	47	0		//증식세포(3)
56061	56061	14	65497	0	3	47.17	-122.1	-1.11	45.6	-122.12	-1.16	0	0	0	0	0	0	47	0		//증식세포(4)
56061	56061	14	65498	0	3	134.87	14.31	0	132.41	14.28	0	0	0	0	0	0	0	47	0		//증식세포(5)
//헬론의성 하층지역_퀘스트NPC																					
56041	56041	14	65490	0	3	351.74	418.96	-4.04	349.16	419.32	-4.41	0	0	0	0	0	0	47	0		//증식세포(1)
56041	56041	14	65491	0	3	289.38	163.74	-4.41	291.81	164.41	-4.41	0	0	0	0	0	0	47	0		//증식세포(2)
56041	56041	14	65492	0	3	190.32	299.83	4.76	193.39	298.99	4.85	0	0	0	0	0	0	47	0		//증식세포(3)
56041	56041	14	65493	0	3	300.06	303.64	4.04	300.03	305.34	4.44	0	0	0	0	0	0	47	0		//증식세포(4)
//헬론의성 서브3지역_퀘스트NPC																					
29	120	14	65488	0	3	-108.07	-4.01	0.11	-107.38	-4.81	0.12	0	0	0	0	0	0	47	0		//발키리 클랜 부사령관 테레사
29	120	14	65489	0	3	-107.31	0.98	0.11	-105.76	1.45	0.12	0	0	0	0	0	0	47	0		//부관 플로라
//헬론의성_상층_퀘스트NPC																					
56101	56101	14	28055	0	3	-22.36	3.37	63.47	3.48	1.61	63.73	0	0	0	0	0	0	47	0		//부관 디오게네스
56101	56101	14	28056	0	3	-21.15	8.266	63.47	3.48	1.61	63.73	0	0	0	0	0	0	47	0		//해방군 부사령관 에르하르트
56101	56101	14	28057	0	3	-14.16	17.59	63.47	3.48	1.61	63.73	0	0	0	0	0	0	47	0		//해방군 사령관 아데나워
56101	56101	14	28058	0	3	-8.14	20.93	63.47	3.48	1.61	63.73	0	0	0	0	0	0	47	0		//해방군 부사령관 브란트
56101	56101	14	28059	0	3	-0.16	24.2	63.47	3.48	1.61	63.73	0	0	0	0	0	0	47	0		//부관 슈미트
56101	56101	14	28060	0	3	27.27	26.57	34.96	30.41	21.66	34.96	0	0	0	0	0	0	47	0		//정찰병 엔리케
56101	56101	14	28061	0	3	-27.07	28.11	43.66	19.98	30.82	43.66	0	0	0	0	0	0	47	0		//정찰병 로베르트
56101	56101	14	28062	0	3	87.86	-15.43	66	87.87	-18.26	65.72	0	0	0	0	0	0	47	0		//현자 라라
56101	56101	14	28063	0	3	92.4	-15.62	66	93.05	-18.54	65.72	0	0	0	0	0	0	47	0		//주술사 바코야니스
//헬론의성_메인미션_퀘스트NPC																					
26	122	14	28064	0	3	12.95	25.32	36.41	13.23	23.57	36.41	0	0	0	0	0	0	47	0		//이그니스 친위대의 칼리오페
26	122	14	28065	0	3	-26.36	6.76	46.38	-25.09	7.55	46.38	0	0	0	0	0	0	47	0		//이그니스 친위대의 클레이오
26	122	14	28066	0	3	-17.25	-21.61	52.71	-17.3	-20.01	52.71	0	0	0	0	0	0	47	0		//이그니스 친위대의 에우테르페
//비공정npc_테스트																					
//10010	10010	27	28067	0	3	-7.68	-11.75	9.43	-6.03	-8.14	9.43	0	0	0	0	0	160013	47	0		//비공정1이동경로npc
//10011	10011	27	28068	0	3	-7.68	-11.75	9.43	-6.03	-8.14	9.43	0	0	0	0	0	160013	47	0		//비공정2이동경로npc
//붕괴된에텔레인																					
5	35	14	869	0	0	0	0	0	0	0	0	0	0	0	0	0	0	0	182		//라만
5	35	14	872	0	0	0	0	0	0	0	0	0	0	0	0	0	0	0	183		//마담오드리
5	35	14	870	0	0	0	0	0	0	0	0	0	0	0	0	0	0	0	219		//클레이
5	35	14	871	0	0	0	0	0	0	0	0	0	0	0	0	0	0	0	200		//빌트
5	35	14	874	0	0	0	0	0	0	0	0	0	0	0	0	0	0	0	108		//마담오드리
//붕괴된에텔레인_퀘스트npc																					
10003	10003	14	28069	0	3	59	134	78.84	64.16	126	78.84	0	0	0	0	0	0	47	0		//조사관 우라니아
5	35	14	28071	0	3	55.3	120.56	78.84	56.72	122.32	78.84	0	0	0	0	0	0	47	0		//조사관 우라니아
5	35	14	28070	0	3	325.84	311.09	42.84	330.69	304.87	45.15	0	0	0	0	0	0	47	0		//조사관 에라토
5	35	14	28072	0	3	188.87	592.07	44.41	192.41	588.44	44.41	0	0	0	0	0	0	47	0		//에텔레인 근위대 그리바스
5	35	14	28073	0	3	328.12	559.16	115.19	327.46	557.93	115.19	0	0	0	0	0	0	47	0		//에텔레인 근위대 알키비아데스
//코르토크해안NPC																					
//10006	10006	1	1950	0	3	122.03	-145.02	2.14	120.84	-149.16	2.02	0	0	0	0	0	160002	36	0		//티뮤(잡화상인)
//10006	10006	1	1951	0	3	15	-118.78	3.08	18	-119.78	1.65	0	0	0	0	0	160002	33	0		//에스텔(엘리멘탈리스트상점)
//10006	10006	1	1952	0	3	16	-137.02	2.67	19	-135.25	1.11	0	0	0	0	0	160002	30	0		//쿠르트(버서커상점)
//10006	10006	1	1953	0	3	101.95	-166.2	0.19	104.92	-163.33	0.51	0	0	0	0	0	160002	31	0		//다르크스(드래곤나이트상점)
//10006	10006	1	1954	0	3	98.17	-149.64	1.02	99.15	-153.3	0.55	0	0	0	0	0	160002	32	0		//메나스(발키리상점
//10006	10006	1	1955	0	3	57.88	-73.19	3.28	58.38	-76.03	2.08	0	0	0	0	0	160002	34	0		//하츠(쉐도우상점)
//10006	10006	7	1956	0	3	25.09	-148.72	0.15	26.4	-146.77	0.06	0	0	0	0	0	0	40	0		//에지오(길드관리자)
//10006	10006	16	1957	0	3	154	-108.29	0.48	150.33	-103.99	0.29	0	0	0	0	0	0	41	0		//로셰(미션랭킹관리자)
//10006	10006	4	1958	0	3	117.19	-82.16	2.1	114.02	-82.59	2.13	0	0	0	0	0	160003	36	0		//행크(강화)
//10006	10006	4	1959	0	3	117.51	-86.01	2.26	114.84	-86.59	2.15	0	0	0	0	0	160003	37	0		//빈센트(제조)
//10006	10006	2	1960	0	3	40	-100	2.37	39	-98	2.22	0	0	0	0	0	160005	46	0		//우거(창고지기)
//10006	10006	3	1961	0	3	108.63	-96.67	2.03	108.68	-94.17	2.04	0	0	0	0	0	160001	45	0		//바인(배틀존)
//10006	10006	17	1962	1	3	78.31	-90.95	2.31	77.21	-88.02	2.31	0	0	0	0	0	0	37	0		//개인상점게시판_오브젝트
//10006	10006	25	1963	1	3	168.72	-99.8	0.67	165.45	-100.23	0.49	0	0	0	0	0	0	42	0		//하임로또_오브젝트
//10006	10006	5	1964	0	3	29.08	-78.27	3.8	35.25	-78.75	2.06	0	0	0	0	0	0	47	0		//부족장_시에드
//10006	10006	5	1965	0	3	76.52	-150.83	-0.81	79.46	-145.69	-1.43	0	0	0	0	0	0	47	0		//대자장이_바므드
//10006	10006	5	1966	0	3	128.34	-75.27	2.08	126.76	-73.88	2.05	0	0	0	0	0	0	47	0		//치료사_비나요
//10006	10006	5	1967	0	3	137.86	-161.4	2.9	133.61	-160.1	2.02	0	0	0	0	0	0	47	0		//악사_차야
//10006	10006	5	1968	0	3	123.31	-164.64	1.67	123.08	-160.89	1.83	0	0	0	0	0	0	47	0		//사냥꾼페드투
//코르토크해안미션NPC																					
//10	131	14	1935	0	0	0	0	0	0	0	0	0	0	0	0	0	0	0	223		//주황부족_시작지점1
//10	131	14	1937	0	0	0	0	0	0	0	0	0	0	0	0	0	0	0	188		//주황부족_거처_배치형1
//10	131	14	1948	0	0	0	0	0	0	0	0	0	0	0	0	0	0	0	293		//주황부족_거처_배치형3
//10	131	14	1938	0	0	0	0	0	0	0	0	0	0	0	0	0	0	0	190		//주황부족_거처_배치형2
//10	131	14	1936	0	0	0	0	0	0	0	0	0	0	0	0	0	0	0	292		//주황부족_거처_대화형1
//10	131	14	1940	0	0	0	0	0	0	0	0	0	0	0	0	0	0	0	195		//연등부족_거처_배치형1
//10	131	14	1949	0	0	0	0	0	0	0	0	0	0	0	0	0	0	0	296		//연등부족_거처_배치형3
//10	131	14	1941	0	0	0	0	0	0	0	0	0	0	0	0	0	0	0	225		//연등부족_거처_배치형2
//10	131	14	1939	0	0	0	0	0	0	0	0	0	0	0	0	0	0	0	291		//연등부족_거처_대화형1
//10	131	14	1942	0	0	0	0	0	0	0	0	0	0	0	0	0	0	0	221		//주황부족_방어진_유닛형1
//10	131	14	1943	0	0	0	0	0	0	0	0	0	0	0	0	0	0	0	222		//연등부족_방어진_유닛형1
//10	131	14	1969	0	0	0	0	0	0	0	0	0	0	0	0	0	0	0	297		//정화된_엔트
