//옵션 파라미터 (무기) 정리				"아이템종류 :  0: 무기 1: 방어구 2: 반지 3: 목걸이, 4: 버서커 특수액세서리, 5:드래곤 특수액세서리 6: 쉐도우 특수액세서리"																									
//최초작성자 : 김태현					"7: 발키리 특수액세서리, 8: 엘리멘탈리스트 특수액세서리"																								
//최종작성자 : 이정환				수치타입: 1 : +   2: %																									
//날짜 : 	2008-12-01 17:55			랭크 값 : 0~3 값 적용 9 : 값적용 없음																									
//Version	1.0.0.4			// 주의사항 : 새로 추가되는 속성은 아래쪽에추가할것																									
// 순서가 바뀌거나추가되면 프로그램 팀에 상의!!!!																													
																													
																				//증가비율수치									
//	아이템종류	코드	옵션명	이름 코드	수치타입	랭크D	랭크C	랭크B	랭크A-	랭크A	랭크A+	랭크S-	랭크S	랭크S+		//			//옵션가치의기준치(숫자낮을수록가치가높음)										//가중치적용값
	kind	code	name	ncode	type	rank_1	rank_2	rank_3	rank_4	rank_5	rank_6	rank_7	rank_8	rank_9	FieldEnd		//	rank_D	rank_C	rank_B	rank_A1	rank_A2	rank_A3	rank_S1	rank_S2	rank_S3	FieldEnd		
//양손도끼																													
	1	1	전체공격속도추가	11224	1	0 	3 	0 	3 	0 	4 	0 	5 	0 		//	15 		0.25	0	2	0	4	0	8	0	12	0	2
	1	2	전체공격성공율추가율	11218	1	0 	3 	0 	3 	0 	4 	0 	5 	0 		//	15 		0.25	0	2	0	4	0	8	0	12	0	2
	1	3	마법속성공격력(불)추가	11210	1	3 	0 	4 	0 	6 	0 	10 	0 	18 		//	41 		1	1	0	2	0	4	0	8	0	16	2
	1	4	마법속성공격력(물)추가	11207	1	3 	0 	4 	0 	6 	0 	10 	0 	18 		//	41 		1	1	0	2	0	4	0	8	0	16	2
	1	5	마법속성공격력(대지)추가	11209	1	3 	0 	4 	0 	6 	0 	10 	0 	18 		//	41 		1	1	0	2	0	4	0	8	0	16	2
	1	6	마법속성공격력(바람)추가	11208	1	3 	0 	4 	0 	6 	0 	10 	0 	18 		//	41 		1	1	0	2	0	4	0	8	0	16	2
	1	7	마법속성공격력(암흑)추가	11211	1	3 	0 	4 	0 	6 	0 	10 	0 	18 		//	41 		1	1	0	2	0	4	0	8	0	16	2
	1	8	공격대상물리방어력감소	11252	5	0 	10 	0 	14 	0 	22 	0 	30 	0 		//	76 		2	0	2	0	4	0	8	0	12	0	6
	1	9	공격대상마법속성저항(불)감소	11253	5	0 	10 	0 	14 	0 	22 	0 	30 	0 		//	76 		2	0	2	0	4	0	8	0	12	0	6
	1	10	공격대상마법속성저항(물)감소	11254	5	0 	10 	0 	14 	0 	22 	0 	30 	0 		//	76 		2	0	2	0	4	0	8	0	12	0	6
	1	11	공격대상마법속성저항(대지)감소	11255	5	0 	10 	0 	14 	0 	22 	0 	30 	0 		//	76 		2	0	2	0	4	0	8	0	12	0	6
	1	12	공격대상마법속성저항(바람)감소	11256	5	0 	10 	0 	14 	0 	22 	0 	30 	0 		//	76 		2	0	2	0	4	0	8	0	12	0	6
	1	13	공격대상마법속성저항(암흑)감소	11257	5	0 	10 	0 	14 	0 	22 	0 	30 	0 		//	76 		2	0	2	0	4	0	8	0	12	0	6
	1	14	이동속도추가	11258	1	0 	4 	0 	5 	0 	7 	0 	9 	0 		//	25 		0.5	0	2	0	4	0	8	0	12	0	3
	1	15	전체블럭율추가율	11219	1	0 	0 	0 	0 	0 	0 	0 	0 	0 		//	0 		0.5		//특히조심								
	1	16	마법속성저항(불)추가	11204	1	0 	0 	0 	0 	0 	0 	0 	0 	0 		//	0 		3										
	1	17	마법속성저항(물)추가	11201	1	0 	0 	0 	0 	0 	0 	0 	0 	0 		//	0 		3										
	1	18	마법속성저항(대지)추가	11203	1	0 	0 	0 	0 	0 	0 	0 	0 	0 		//	0 		3										
	1	19	마법속성저항(바람)추가	11202	1	0 	0 	0 	0 	0 	0 	0 	0 	0 		//	0 		3										
	1	20	마법속성저항(암흑)추가	11205	1	0 	0 	0 	0 	0 	0 	0 	0 	0 		//	0 		3										
	1	21	옵션전체공격력추가	11229	1	3 	0 	4 	0 	6 	0 	8 	0 	14 		//	35 		1	1	0	2	0	4	0	6	0	12	2
	1	22	옵션전체방어력추가	11228	1	0 	0 	0 	0 	0 	0 	0 	0 	0 		//	0 		2										
	1	23	힘추가	11213	1	3 	0 	4 	0 	5 	0 	7 	0 	12 		//	31 		1	1	0	2	0	3	0	5	0	10	2
	1	24	민첩추가	11214	1	3 	0 	4 	0 	5 	0 	7 	0 	12 		//	31 		1	1	0	2	0	3	0	5	0	10	2
	1	25	지력추가	11215	1	3 	0 	4 	0 	5 	0 	7 	0 	12 		//	31 		1	1	0	2	0	3	0	5	0	10	2
	1	26	체력추가	11216	1	0 	4 	0 	5 	0 	7 	0 	12 	0 		//	28 		1	0	2	0	3	0	5	0	10	0	2
	1	27	정신력추가	11217	1	0 	4 	0 	5 	0 	7 	0 	12 	0 		//	28 		1	0	2	0	3	0	5	0	10	0	2
	1	28	최대HP추가	11225	1	0 	0 	0 	0 	0 	0 	0 	0 	0 		//	0 		10										
	1	29	최대MP/SP추가	11226	1	0 	0 	0 	0 	0 	0 	0 	0 	0 		//	0 		10										
	1	30	스킬공격력	11260	1	0 	0 	0 	0 	0 	0 	0 	0 	0 		//	0 		1										
	1	31	스킬데미지추가율	11261	5	0 	0 	0 	0 	0 	0 	0 	0 	0 		//	0 		1										
//	1	32	이상상태지속시간상승	1032	1	0 	0 	0 	0 	0 	0 	0 	0 	0 		//													
//	1	33	이상상태방지	1033	1	0 	0 	0 	0 	0 	0 	0 	0 	0 		//													
//	1	34	몬스터사망HP흡수	1034	1	0 	0 	0 	3 	0 	4 	5 	0 	6 		//													
//	1	35	몬스터사망MP/SP흡수	1035	1	0 	0 	0 	3 	0 	4 	5 	0 	6 		//													
//	1	36	HP회복속도상승	1036	1	0 	1 	0 	2 	0 	3 	0 	4 	0 		//													
//	1	37	MP회복속도상승	1037	1	0 	0 	0 	0 	0 	0 	0 	0 	0 		//													
//	1	38	크리티컬확률상승	1038	1	0 	0 	0 	0 	1 	0 	2 	0 	3 		//													
//	1	39	데미지반사	1039	1	0 	0 	0 	0 	0 	0 	0 	0 	0 		//													
//	1	40	HP흡수	1040	1	0 	0 	0 	2 	3 	4 	5 	6 	7 		//													
//	1	41	숙련도1상승	1041	1	1 	0 	2 	0 	3 	0 	4 	0 	5 		//													
//	1	42	숙련도2상승	1042	1	1 	0 	2 	0 	3 	0 	4 	0 	5 		//													
//	1	43	숙련도1계열스킬상승	1043	1	0 	0 	0 	0 	0 	0 	0 	0 	0 		//													
//	1	44	숙련도2계열스킬상승	1044	1	0 	0 	0 	0 	0 	0 	0 	0 	0 		//													
//	1	45	패시브계열 스킬상승	1045	1	0 	0 	0 	0 	0 	0 	0 	0 	0 		//													
//	1	46	습득돈증가	1046	1	0 	0 	0 	0 	0 	0 	0 	0 	0 		//													
//	1	47	습득경험치증가	1047	1	0 	0 	0 	0 	0 	0 	0 	0 	0 		//													
//	1	48	데미지감소	1048	1	0 	0 	0 	0 	0 	0 	0 	0 	0 		//													
//	1	49	모든스탯추가	1049	1	0 	0 	0 	0 	0 	0 	2 	3 	4 		//													
//양손검																													
	2	1	전체공격속도추가	11224	1	0 	3 	0 	3 	0 	4 	0 	5 	0 		//	15 		0.25	0	2	0	4	0	8	0	12	0	2
	2	2	전체공격성공율추가율	11218	1	0 	3 	0 	3 	0 	4 	0 	5 	0 		//	15 		0.25	0	2	0	4	0	8	0	12	0	2
	2	3	마법속성공격력(불)추가	11210	1	3 	0 	4 	0 	6 	0 	10 	0 	18 		//	41 		1	1	0	2	0	4	0	8	0	16	2
	2	4	마법속성공격력(물)추가	11207	1	3 	0 	4 	0 	6 	0 	10 	0 	18 		//	41 		1	1	0	2	0	4	0	8	0	16	2
	2	5	마법속성공격력(대지)추가	11209	1	3 	0 	4 	0 	6 	0 	10 	0 	18 		//	41 		1	1	0	2	0	4	0	8	0	16	2
	2	6	마법속성공격력(바람)추가	11208	1	3 	0 	4 	0 	6 	0 	10 	0 	18 		//	41 		1	1	0	2	0	4	0	8	0	16	2
	2	7	마법속성공격력(암흑)추가	11211	1	3 	0 	4 	0 	6 	0 	10 	0 	18 		//	41 		1	1	0	2	0	4	0	8	0	16	2
	2	8	공격대상물리방어력감소	11252	5	0 	10 	0 	14 	0 	22 	0 	30 	0 		//	76 		2	0	2	0	4	0	8	0	12	0	6
	2	9	공격대상마법속성저항(불)감소	11253	5	0 	10 	0 	14 	0 	22 	0 	30 	0 		//	76 		2	0	2	0	4	0	8	0	12	0	6
	2	10	공격대상마법속성저항(물)감소	11254	5	0 	10 	0 	14 	0 	22 	0 	30 	0 		//	76 		2	0	2	0	4	0	8	0	12	0	6
	2	11	공격대상마법속성저항(대지)감소	11255	5	0 	10 	0 	14 	0 	22 	0 	30 	0 		//	76 		2	0	2	0	4	0	8	0	12	0	6
	2	12	공격대상마법속성저항(바람)감소	11256	5	0 	10 	0 	14 	0 	22 	0 	30 	0 		//	76 		2	0	2	0	4	0	8	0	12	0	6
	2	13	공격대상마법속성저항(암흑)감소	11257	5	0 	10 	0 	14 	0 	22 	0 	30 	0 		//	76 		2	0	2	0	4	0	8	0	12	0	6
	2	14	이동속도추가	11258	1	0 	4 	0 	5 	0 	7 	0 	9 	0 		//	25 		0.5	0	2	0	4	0	8	0	12	0	3
	2	15	전체블럭율추가율	11219	1	0 	0 	0 	0 	0 	0 	0 	0 	0 		//	0 		0.5		//특히조심								
	2	16	마법속성저항(불)추가	11204	1	0 	0 	0 	0 	0 	0 	0 	0 	0 		//	0 		3										
	2	17	마법속성저항(물)추가	11201	1	0 	0 	0 	0 	0 	0 	0 	0 	0 		//	0 		3										
	2	18	마법속성저항(대지)추가	11203	1	0 	0 	0 	0 	0 	0 	0 	0 	0 		//	0 		3										
	2	19	마법속성저항(바람)추가	11202	1	0 	0 	0 	0 	0 	0 	0 	0 	0 		//	0 		3										
	2	20	마법속성저항(암흑)추가	11205	1	0 	0 	0 	0 	0 	0 	0 	0 	0 		//	0 		3										
	2	21	옵션전체공격력추가	11229	1	3 	0 	4 	0 	6 	0 	8 	0 	14 		//	35 		1	1	0	2	0	4	0	6	0	12	2
	2	22	옵션전체방어력추가	11228	1	0 	0 	0 	0 	0 	0 	0 	0 	0 		//	0 		2										
	2	23	힘추가	11213	1	3 	0 	4 	0 	5 	0 	7 	0 	12 		//	31 		1	1	0	2	0	3	0	5	0	10	2
	2	24	민첩추가	11214	1	3 	0 	4 	0 	5 	0 	7 	0 	12 		//	31 		1	1	0	2	0	3	0	5	0	10	2
	2	25	지력추가	11215	1	3 	0 	4 	0 	5 	0 	7 	0 	12 		//	31 		1	1	0	2	0	3	0	5	0	10	2
	2	26	체력추가	11216	1	0 	4 	0 	5 	0 	7 	0 	12 	0 		//	28 		1	0	2	0	3	0	5	0	10	0	2
	2	27	정신력추가	11217	1	0 	4 	0 	5 	0 	7 	0 	12 	0 		//	28 		1	0	2	0	3	0	5	0	10	0	2
	2	28	최대HP추가	11225	1	0 	0 	0 	0 	0 	0 	0 	0 	0 		//	0 		10										
	2	29	최대MP/SP추가	11226	1	0 	0 	0 	0 	0 	0 	0 	0 	0 		//	0 		10										
	2	30	스킬공격력	11260	1	0 	0 	0 	0 	0 	0 	0 	0 	0 		//	0 		1										
	2	31	스킬데미지추가율	11261	5	0 	0 	0 	0 	0 	0 	0 	0 	0 		//	0 		1										
//	2	32	이상상태지속시간상승	1032	1	0 	0 	0 	0 	0 	0 	0 	0 	0 		//													
//	2	33	이상상태방지	1033	1	0 	0 	0 	0 	0 	0 	0 	0 	0 		//													
//	2	34	몬스터사망HP흡수	1034	1	0 	0 	0 	3 	0 	4 	5 	0 	6 		//													
//	2	35	몬스터사망MP/SP흡수	1035	1	0 	0 	0 	3 	0 	4 	5 	0 	6 		//													
//	2	36	HP회복속도상승	1036	1	0 	1 	0 	2 	0 	3 	0 	4 	0 		//													
//	2	37	MP회복속도상승	1037	1	0 	0 	0 	0 	0 	0 	0 	0 	0 		//													
//	2	38	크리티컬확률상승	1038	1	0 	0 	0 	0 	1 	0 	2 	0 	3 		//													
//	2	39	데미지반사	1039	1	0 	0 	0 	0 	0 	0 	0 	0 	0 		//													
//	2	40	HP흡수	1040	1	0 	0 	0 	2 	3 	4 	5 	6 	7 		//													
//	2	41	숙련도1상승	1041	1	1 	0 	2 	0 	3 	0 	4 	0 	5 		//													
//	2	42	숙련도2상승	1042	1	1 	0 	2 	0 	3 	0 	4 	0 	5 		//													
//	2	43	숙련도1계열스킬상승	1043	1	0 	0 	0 	0 	0 	0 	0 	0 	0 		//													
//	2	44	숙련도2계열스킬상승	1044	1	0 	0 	0 	0 	0 	0 	0 	0 	0 		//													
//	2	45	패시브계열 스킬상승	1045	1	0 	0 	0 	0 	0 	0 	0 	0 	0 		//													
//	2	46	습득돈증가	1046	1	0 	0 	0 	0 	0 	0 	0 	0 	0 		//													
//	2	47	습득경험치증가	1047	1	0 	0 	0 	0 	0 	0 	0 	0 	0 		//													
//	2	48	데미지감소	1048	1	0 	0 	0 	0 	0 	0 	0 	0 	0 		//													
//	2	49	모든스탯추가	1049	1	0 	0 	0 	0 	0 	0 	2 	3 	4 		//													
//한손검																													
	3	1	전체공격속도추가	11224	1	0 	3 	0 	3 	0 	4 	0 	5 	0 		//	15 		0.25	0	2	0	4	0	8	0	12	0	2
	3	2	전체공격성공율추가율	11218	1	0 	3 	0 	3 	0 	4 	0 	5 	0 		//	15 		0.25	0	2	0	4	0	8	0	12	0	2
	3	3	마법속성공격력(불)추가	11210	1	3 	0 	4 	0 	6 	0 	10 	0 	18 		//	41 		1	1	0	2	0	4	0	8	0	16	2
	3	4	마법속성공격력(물)추가	11207	1	3 	0 	4 	0 	6 	0 	10 	0 	18 		//	41 		1	1	0	2	0	4	0	8	0	16	2
	3	5	마법속성공격력(대지)추가	11209	1	3 	0 	4 	0 	6 	0 	10 	0 	18 		//	41 		1	1	0	2	0	4	0	8	0	16	2
	3	6	마법속성공격력(바람)추가	11208	1	3 	0 	4 	0 	6 	0 	10 	0 	18 		//	41 		1	1	0	2	0	4	0	8	0	16	2
	3	7	마법속성공격력(암흑)추가	11211	1	3 	0 	4 	0 	6 	0 	10 	0 	18 		//	41 		1	1	0	2	0	4	0	8	0	16	2
	3	8	공격대상물리방어력감소	11252	5	0 	10 	0 	14 	0 	22 	0 	30 	0 		//	76 		2	0	2	0	4	0	8	0	12	0	6
	3	9	공격대상마법속성저항(불)감소	11253	5	0 	10 	0 	14 	0 	22 	0 	30 	0 		//	76 		2	0	2	0	4	0	8	0	12	0	6
	3	10	공격대상마법속성저항(물)감소	11254	5	0 	10 	0 	14 	0 	22 	0 	30 	0 		//	76 		2	0	2	0	4	0	8	0	12	0	6
	3	11	공격대상마법속성저항(대지)감소	11255	5	0 	10 	0 	14 	0 	22 	0 	30 	0 		//	76 		2	0	2	0	4	0	8	0	12	0	6
	3	12	공격대상마법속성저항(바람)감소	11256	5	0 	10 	0 	14 	0 	22 	0 	30 	0 		//	76 		2	0	2	0	4	0	8	0	12	0	6
	3	13	공격대상마법속성저항(암흑)감소	11257	5	0 	10 	0 	14 	0 	22 	0 	30 	0 		//	76 		2	0	2	0	4	0	8	0	12	0	6
	3	14	이동속도추가	11258	1	0 	4 	0 	5 	0 	7 	0 	9 	0 		//	25 		0.5	0	2	0	4	0	8	0	12	0	3
	3	15	전체블럭율추가율	11219	1	0 	0 	0 	0 	0 	0 	0 	0 	0 		//	0 		0.5		//특히조심								
	3	16	마법속성저항(불)추가	11204	1	0 	0 	0 	0 	0 	0 	0 	0 	0 		//	0 		3										
	3	17	마법속성저항(물)추가	11201	1	0 	0 	0 	0 	0 	0 	0 	0 	0 		//	0 		3										
	3	18	마법속성저항(대지)추가	11203	1	0 	0 	0 	0 	0 	0 	0 	0 	0 		//	0 		3										
	3	19	마법속성저항(바람)추가	11202	1	0 	0 	0 	0 	0 	0 	0 	0 	0 		//	0 		3										
	3	20	마법속성저항(암흑)추가	11205	1	0 	0 	0 	0 	0 	0 	0 	0 	0 		//	0 		3										
	3	21	옵션전체공격력추가	11229	1	3 	0 	4 	0 	6 	0 	8 	0 	14 		//	35 		1	1	0	2	0	4	0	6	0	12	2
	3	22	옵션전체방어력추가	11228	1	0 	0 	0 	0 	0 	0 	0 	0 	0 		//	0 		2										
	3	23	힘추가	11213	1	3 	0 	4 	0 	5 	0 	7 	0 	12 		//	31 		1	1	0	2	0	3	0	5	0	10	2
	3	24	민첩추가	11214	1	3 	0 	4 	0 	5 	0 	7 	0 	12 		//	31 		1	1	0	2	0	3	0	5	0	10	2
	3	25	지력추가	11215	1	3 	0 	4 	0 	5 	0 	7 	0 	12 		//	31 		1	1	0	2	0	3	0	5	0	10	2
	3	26	체력추가	11216	1	0 	4 	0 	5 	0 	7 	0 	12 	0 		//	28 		1	0	2	0	3	0	5	0	10	0	2
	3	27	정신력추가	11217	1	0 	4 	0 	5 	0 	7 	0 	12 	0 		//	28 		1	0	2	0	3	0	5	0	10	0	2
	3	28	최대HP추가	11225	1	0 	0 	0 	0 	0 	0 	0 	0 	0 		//	0 		10										
	3	29	최대MP/SP추가	11226	1	0 	0 	0 	0 	0 	0 	0 	0 	0 		//	0 		10										
	3	30	스킬공격력	11260	1	0 	0 	0 	0 	0 	0 	0 	0 	0 		//	0 		1										
	3	31	스킬데미지추가율	11261	5	0 	0 	0 	0 	0 	0 	0 	0 	0 		//	0 		1										
//	3	32	이상상태지속시간상승	1032	1	0 	0 	0 	0 	0 	0 	0 	0 	0 		//													
//	3	33	이상상태방지	1033	1	0 	0 	0 	0 	0 	0 	0 	0 	0 		//													
//	3	34	몬스터사망HP흡수	1034	1	0 	0 	0 	3 	0 	4 	5 	0 	6 		//													
//	3	35	몬스터사망MP/SP흡수	1035	1	0 	0 	0 	3 	0 	4 	5 	0 	6 		//													
//	3	36	HP회복속도상승	1036	1	0 	1 	0 	2 	0 	3 	0 	4 	0 		//													
//	3	37	MP회복속도상승	1037	1	0 	0 	0 	0 	0 	0 	0 	0 	0 		//													
//	3	38	크리티컬확률상승	1038	1	0 	0 	0 	0 	1 	0 	2 	0 	3 		//													
//	3	39	데미지반사	1039	1	0 	0 	0 	0 	0 	0 	0 	0 	0 		//													
//	3	40	HP흡수	1040	1	0 	0 	0 	2 	3 	4 	5 	6 	7 		//													
//	3	41	숙련도1상승	1041	1	1 	0 	2 	0 	3 	0 	4 	0 	5 		//													
//	3	42	숙련도2상승	1042	1	1 	0 	2 	0 	3 	0 	4 	0 	5 		//													
//	3	43	숙련도1계열스킬상승	1043	1	0 	0 	0 	0 	0 	0 	0 	0 	0 		//													
//	3	44	숙련도2계열스킬상승	1044	1	0 	0 	0 	0 	0 	0 	0 	0 	0 		//													
//	3	45	패시브계열 스킬상승	1045	1	0 	0 	0 	0 	0 	0 	0 	0 	0 		//													
//	3	46	습득돈증가	1046	1	0 	0 	0 	0 	0 	0 	0 	0 	0 		//													
//	3	47	습득경험치증가	1047	1	0 	0 	0 	0 	0 	0 	0 	0 	0 		//													
//	3	48	데미지감소	1048	1	0 	0 	0 	0 	0 	0 	0 	0 	0 		//													
//	3	49	모든스탯추가	1049	1	0 	0 	0 	0 	0 	0 	2 	3 	4 		//													
//창																													
	4	1	전체공격속도추가	11224	1	0 	3 	0 	3 	0 	4 	0 	5 	0 		//	15 		0.25	0	2	0	4	0	8	0	12	0	2
	4	2	전체공격성공율추가율	11218	1	0 	3 	0 	3 	0 	4 	0 	5 	0 		//	15 		0.25	0	2	0	4	0	8	0	12	0	2
	4	3	마법속성공격력(불)추가	11210	1	3 	0 	4 	0 	6 	0 	10 	0 	18 		//	41 		1	1	0	2	0	4	0	8	0	16	2
	4	4	마법속성공격력(물)추가	11207	1	3 	0 	4 	0 	6 	0 	10 	0 	18 		//	41 		1	1	0	2	0	4	0	8	0	16	2
	4	5	마법속성공격력(대지)추가	11209	1	3 	0 	4 	0 	6 	0 	10 	0 	18 		//	41 		1	1	0	2	0	4	0	8	0	16	2
	4	6	마법속성공격력(바람)추가	11208	1	3 	0 	4 	0 	6 	0 	10 	0 	18 		//	41 		1	1	0	2	0	4	0	8	0	16	2
	4	7	마법속성공격력(암흑)추가	11211	1	3 	0 	4 	0 	6 	0 	10 	0 	18 		//	41 		1	1	0	2	0	4	0	8	0	16	2
	4	8	공격대상물리방어력감소	11252	5	0 	10 	0 	14 	0 	22 	0 	30 	0 		//	76 		2	0	2	0	4	0	8	0	12	0	6
	4	9	공격대상마법속성저항(불)감소	11253	5	0 	10 	0 	14 	0 	22 	0 	30 	0 		//	76 		2	0	2	0	4	0	8	0	12	0	6
	4	10	공격대상마법속성저항(물)감소	11254	5	0 	10 	0 	14 	0 	22 	0 	30 	0 		//	76 		2	0	2	0	4	0	8	0	12	0	6
	4	11	공격대상마법속성저항(대지)감소	11255	5	0 	10 	0 	14 	0 	22 	0 	30 	0 		//	76 		2	0	2	0	4	0	8	0	12	0	6
	4	12	공격대상마법속성저항(바람)감소	11256	5	0 	10 	0 	14 	0 	22 	0 	30 	0 		//	76 		2	0	2	0	4	0	8	0	12	0	6
	4	13	공격대상마법속성저항(암흑)감소	11257	5	0 	10 	0 	14 	0 	22 	0 	30 	0 		//	76 		2	0	2	0	4	0	8	0	12	0	6
	4	14	이동속도추가	11258	1	0 	4 	0 	5 	0 	7 	0 	9 	0 		//	25 		0.5	0	2	0	4	0	8	0	12	0	3
	4	15	전체블럭율추가율	11219	1	0 	0 	0 	0 	0 	0 	0 	0 	0 		//	0 		0.5		//특히조심								
	4	16	마법속성저항(불)추가	11204	1	0 	0 	0 	0 	0 	0 	0 	0 	0 		//	0 		3										
	4	17	마법속성저항(물)추가	11201	1	0 	0 	0 	0 	0 	0 	0 	0 	0 		//	0 		3										
	4	18	마법속성저항(대지)추가	11203	1	0 	0 	0 	0 	0 	0 	0 	0 	0 		//	0 		3										
	4	19	마법속성저항(바람)추가	11202	1	0 	0 	0 	0 	0 	0 	0 	0 	0 		//	0 		3										
	4	20	마법속성저항(암흑)추가	11205	1	0 	0 	0 	0 	0 	0 	0 	0 	0 		//	0 		3										
	4	21	옵션전체공격력추가	11229	1	3 	0 	4 	0 	6 	0 	8 	0 	14 		//	35 		1	1	0	2	0	4	0	6	0	12	2
	4	22	옵션전체방어력추가	11228	1	0 	0 	0 	0 	0 	0 	0 	0 	0 		//	0 		2										
	4	23	힘추가	11213	1	3 	0 	4 	0 	5 	0 	7 	0 	12 		//	31 		1	1	0	2	0	3	0	5	0	10	2
	4	24	민첩추가	11214	1	3 	0 	4 	0 	5 	0 	7 	0 	12 		//	31 		1	1	0	2	0	3	0	5	0	10	2
	4	25	지력추가	11215	1	3 	0 	4 	0 	5 	0 	7 	0 	12 		//	31 		1	1	0	2	0	3	0	5	0	10	2
	4	26	체력추가	11216	1	0 	4 	0 	5 	0 	7 	0 	12 	0 		//	28 		1	0	2	0	3	0	5	0	10	0	2
	4	27	정신력추가	11217	1	0 	4 	0 	5 	0 	7 	0 	12 	0 		//	28 		1	0	2	0	3	0	5	0	10	0	2
	4	28	최대HP추가	11225	1	0 	0 	0 	0 	0 	0 	0 	0 	0 		//	0 		10										
	4	29	최대MP/SP추가	11226	1	0 	0 	0 	0 	0 	0 	0 	0 	0 		//	0 		10										
	4	30	스킬공격력	11260	1	0 	0 	0 	0 	0 	0 	0 	0 	0 		//	0 		1										
	4	31	스킬데미지추가율	11261	5	0 	0 	0 	0 	0 	0 	0 	0 	0 		//	0 		1										
//	4	32	이상상태지속시간상승	1032	1	0 	0 	0 	0 	0 	0 	0 	0 	0 		//													
//	4	33	이상상태방지	1033	1	0 	0 	0 	0 	0 	0 	0 	0 	0 		//													
//	4	34	몬스터사망HP흡수	1034	1	0 	0 	0 	3 	0 	4 	5 	0 	6 		//													
//	4	35	몬스터사망MP/SP흡수	1035	1	0 	0 	0 	3 	0 	4 	5 	0 	6 		//													
//	4	36	HP회복속도상승	1036	1	0 	1 	0 	2 	0 	3 	0 	4 	0 		//													
//	4	37	MP회복속도상승	1037	1	0 	0 	0 	0 	0 	0 	0 	0 	0 		//													
//	4	38	크리티컬확률상승	1038	1	0 	0 	0 	0 	1 	0 	2 	0 	3 		//													
//	4	39	데미지반사	1039	1	0 	0 	0 	0 	0 	0 	0 	0 	0 		//													
//	4	40	HP흡수	1040	1	0 	0 	0 	2 	3 	4 	5 	6 	7 		//													
//	4	41	숙련도1상승	1041	1	1 	0 	2 	0 	3 	0 	4 	0 	5 		//													
//	4	42	숙련도2상승	1042	1	1 	0 	2 	0 	3 	0 	4 	0 	5 		//													
//	4	43	숙련도1계열스킬상승	1043	1	0 	0 	0 	0 	0 	0 	0 	0 	0 		//													
//	4	44	숙련도2계열스킬상승	1044	1	0 	0 	0 	0 	0 	0 	0 	0 	0 		//													
//	4	45	패시브계열 스킬상승	1045	1	0 	0 	0 	0 	0 	0 	0 	0 	0 		//													
//	4	46	습득돈증가	1046	1	0 	0 	0 	0 	0 	0 	0 	0 	0 		//													
//	4	47	습득경험치증가	1047	1	0 	0 	0 	0 	0 	0 	0 	0 	0 		//													
//	4	48	데미지감소	1048	1	0 	0 	0 	0 	0 	0 	0 	0 	0 		//													
//	4	49	모든스탯추가	1049	1	0 	0 	0 	0 	0 	0 	2 	3 	4 		//													
//한손석궁																													
	7	1	전체공격속도추가	11224	1	0 	3 	0 	3 	0 	4 	0 	5 	0 		//	15 		0.25	0	2	0	4	0	8	0	12	0	2
	7	2	전체공격성공율추가율	11218	1	0 	3 	0 	3 	0 	4 	0 	5 	0 		//	15 		0.25	0	2	0	4	0	8	0	12	0	2
	7	3	마법속성공격력(불)추가	11210	1	3 	0 	4 	0 	6 	0 	10 	0 	18 		//	41 		1	1	0	2	0	4	0	8	0	16	2
	7	4	마법속성공격력(물)추가	11207	1	3 	0 	4 	0 	6 	0 	10 	0 	18 		//	41 		1	1	0	2	0	4	0	8	0	16	2
	7	5	마법속성공격력(대지)추가	11209	1	3 	0 	4 	0 	6 	0 	10 	0 	18 		//	41 		1	1	0	2	0	4	0	8	0	16	2
	7	6	마법속성공격력(바람)추가	11208	1	3 	0 	4 	0 	6 	0 	10 	0 	18 		//	41 		1	1	0	2	0	4	0	8	0	16	2
	7	7	마법속성공격력(암흑)추가	11211	1	3 	0 	4 	0 	6 	0 	10 	0 	18 		//	41 		1	1	0	2	0	4	0	8	0	16	2
	7	8	공격대상물리방어력감소	11252	5	0 	10 	0 	14 	0 	22 	0 	30 	0 		//	76 		2	0	2	0	4	0	8	0	12	0	6
	7	9	공격대상마법속성저항(불)감소	11253	5	0 	10 	0 	14 	0 	22 	0 	30 	0 		//	76 		2	0	2	0	4	0	8	0	12	0	6
	7	10	공격대상마법속성저항(물)감소	11254	5	0 	10 	0 	14 	0 	22 	0 	30 	0 		//	76 		2	0	2	0	4	0	8	0	12	0	6
	7	11	공격대상마법속성저항(대지)감소	11255	5	0 	10 	0 	14 	0 	22 	0 	30 	0 		//	76 		2	0	2	0	4	0	8	0	12	0	6
	7	12	공격대상마법속성저항(바람)감소	11256	5	0 	10 	0 	14 	0 	22 	0 	30 	0 		//	76 		2	0	2	0	4	0	8	0	12	0	6
	7	13	공격대상마법속성저항(암흑)감소	11257	5	0 	10 	0 	14 	0 	22 	0 	30 	0 		//	76 		2	0	2	0	4	0	8	0	12	0	6
	7	14	이동속도추가	11258	1	0 	4 	0 	5 	0 	7 	0 	9 	0 		//	25 		0.5	0	2	0	4	0	8	0	12	0	3
	7	15	전체블럭율추가율	11219	1	0 	0 	0 	0 	0 	0 	0 	0 	0 		//	0 		0.5		//특히조심								
	7	16	마법속성저항(불)추가	11204	1	0 	0 	0 	0 	0 	0 	0 	0 	0 		//	0 		3										
	7	17	마법속성저항(물)추가	11201	1	0 	0 	0 	0 	0 	0 	0 	0 	0 		//	0 		3										
	7	18	마법속성저항(대지)추가	11203	1	0 	0 	0 	0 	0 	0 	0 	0 	0 		//	0 		3										
	7	19	마법속성저항(바람)추가	11202	1	0 	0 	0 	0 	0 	0 	0 	0 	0 		//	0 		3										
	7	20	마법속성저항(암흑)추가	11205	1	0 	0 	0 	0 	0 	0 	0 	0 	0 		//	0 		3										
	7	21	옵션전체공격력추가	11229	1	3 	0 	4 	0 	6 	0 	8 	0 	14 		//	35 		1	1	0	2	0	4	0	6	0	12	2
	7	22	옵션전체방어력추가	11228	1	0 	0 	0 	0 	0 	0 	0 	0 	0 		//	0 		2										
	7	23	힘추가	11213	1	3 	0 	4 	0 	5 	0 	7 	0 	12 		//	31 		1	1	0	2	0	3	0	5	0	10	2
	7	24	민첩추가	11214	1	3 	0 	4 	0 	5 	0 	7 	0 	12 		//	31 		1	1	0	2	0	3	0	5	0	10	2
	7	25	지력추가	11215	1	3 	0 	4 	0 	5 	0 	7 	0 	12 		//	31 		1	1	0	2	0	3	0	5	0	10	2
	7	26	체력추가	11216	1	0 	4 	0 	5 	0 	7 	0 	12 	0 		//	28 		1	0	2	0	3	0	5	0	10	0	2
	7	27	정신력추가	11217	1	0 	4 	0 	5 	0 	7 	0 	12 	0 		//	28 		1	0	2	0	3	0	5	0	10	0	2
	7	28	최대HP추가	11225	1	0 	0 	0 	0 	0 	0 	0 	0 	0 		//	0 		10										
	7	29	최대MP/SP추가	11226	1	0 	0 	0 	0 	0 	0 	0 	0 	0 		//	0 		10										
	7	30	스킬공격력	11260	1	0 	0 	0 	0 	0 	0 	0 	0 	0 		//	0 		1										
	7	31	스킬데미지추가율	11261	5	0 	0 	0 	0 	0 	0 	0 	0 	0 		//	0 		1										
//	7	32	이상상태지속시간상승	1032	1	0 	0 	0 	0 	0 	0 	0 	0 	0 		//													
//	7	33	이상상태방지	1033	1	0 	0 	0 	0 	0 	0 	0 	0 	0 		//													
//	7	34	몬스터사망HP흡수	1034	1	0 	0 	0 	3 	0 	4 	5 	0 	6 		//													
//	7	35	몬스터사망MP/SP흡수	1035	1	0 	0 	0 	3 	0 	4 	5 	0 	6 		//													
//	7	36	HP회복속도상승	1036	1	0 	1 	0 	2 	0 	3 	0 	4 	0 		//													
//	7	37	MP회복속도상승	1037	1	0 	0 	0 	0 	0 	0 	0 	0 	0 		//													
//	7	38	크리티컬확률상승	1038	1	0 	0 	0 	0 	1 	0 	2 	0 	3 		//													
//	7	39	데미지반사	1039	1	0 	0 	0 	0 	0 	0 	0 	0 	0 		//													
//	7	40	HP흡수	1040	1	0 	0 	0 	2 	3 	4 	5 	6 	7 		//													
//	7	41	숙련도1상승	1041	1	1 	0 	2 	0 	3 	0 	4 	0 	5 		//													
//	7	42	숙련도2상승	1042	1	1 	0 	2 	0 	3 	0 	4 	0 	5 		//													
//	7	43	숙련도1계열스킬상승	1043	1	0 	0 	0 	0 	0 	0 	0 	0 	0 		//													
//	7	44	숙련도2계열스킬상승	1044	1	0 	0 	0 	0 	0 	0 	0 	0 	0 		//													
//	7	45	패시브계열 스킬상승	1045	1	0 	0 	0 	0 	0 	0 	0 	0 	0 		//													
//	7	46	습득돈증가	1046	1	0 	0 	0 	0 	0 	0 	0 	0 	0 		//													
//	7	47	습득경험치증가	1047	1	0 	0 	0 	0 	0 	0 	0 	0 	0 		//													
//	7	48	데미지감소	1048	1	0 	0 	0 	0 	0 	0 	0 	0 	0 		//													
//	7	49	모든스탯추가	1049	1	0 	0 	0 	0 	0 	0 	2 	3 	4 		//													
//에테르웨폰																													
	8	1	전체공격속도추가	11224	1	0 	3 	0 	3 	0 	4 	0 	5 	0 		//	15 		0.25	0	2	0	4	0	8	0	12	0	2
	8	2	전체공격성공율추가율	11218	1	0 	3 	0 	3 	0 	4 	0 	5 	0 		//	15 		0.25	0	2	0	4	0	8	0	12	0	2
	8	3	마법속성공격력(불)추가	11210	1	3 	0 	4 	0 	6 	0 	10 	0 	18 		//	41 		1	1	0	2	0	4	0	8	0	16	2
	8	4	마법속성공격력(물)추가	11207	1	3 	0 	4 	0 	6 	0 	10 	0 	18 		//	41 		1	1	0	2	0	4	0	8	0	16	2
	8	5	마법속성공격력(대지)추가	11209	1	3 	0 	4 	0 	6 	0 	10 	0 	18 		//	41 		1	1	0	2	0	4	0	8	0	16	2
	8	6	마법속성공격력(바람)추가	11208	1	3 	0 	4 	0 	6 	0 	10 	0 	18 		//	41 		1	1	0	2	0	4	0	8	0	16	2
	8	7	마법속성공격력(암흑)추가	11211	1	3 	0 	4 	0 	6 	0 	10 	0 	18 		//	41 		1	1	0	2	0	4	0	8	0	16	2
	8	8	공격대상물리방어력감소	11252	5	0 	10 	0 	14 	0 	22 	0 	30 	0 		//	76 		2	0	2	0	4	0	8	0	12	0	6
	8	9	공격대상마법속성저항(불)감소	11253	5	0 	10 	0 	14 	0 	22 	0 	30 	0 		//	76 		2	0	2	0	4	0	8	0	12	0	6
	8	10	공격대상마법속성저항(물)감소	11254	5	0 	10 	0 	14 	0 	22 	0 	30 	0 		//	76 		2	0	2	0	4	0	8	0	12	0	6
	8	11	공격대상마법속성저항(대지)감소	11255	5	0 	10 	0 	14 	0 	22 	0 	30 	0 		//	76 		2	0	2	0	4	0	8	0	12	0	6
	8	12	공격대상마법속성저항(바람)감소	11256	5	0 	10 	0 	14 	0 	22 	0 	30 	0 		//	76 		2	0	2	0	4	0	8	0	12	0	6
	8	13	공격대상마법속성저항(암흑)감소	11257	5	0 	10 	0 	14 	0 	22 	0 	30 	0 		//	76 		2	0	2	0	4	0	8	0	12	0	6
	8	14	이동속도추가	11258	1	0 	4 	0 	5 	0 	7 	0 	9 	0 		//	25 		0.5	0	2	0	4	0	8	0	12	0	3
	8	15	전체블럭율추가율	11219	1	0 	0 	0 	0 	0 	0 	0 	0 	0 		//	0 		0.5		//특히조심								
	8	16	마법속성저항(불)추가	11204	1	0 	0 	0 	0 	0 	0 	0 	0 	0 		//	0 		3										
	8	17	마법속성저항(물)추가	11201	1	0 	0 	0 	0 	0 	0 	0 	0 	0 		//	0 		3										
	8	18	마법속성저항(대지)추가	11203	1	0 	0 	0 	0 	0 	0 	0 	0 	0 		//	0 		3										
	8	19	마법속성저항(바람)추가	11202	1	0 	0 	0 	0 	0 	0 	0 	0 	0 		//	0 		3										
	8	20	마법속성저항(암흑)추가	11205	1	0 	0 	0 	0 	0 	0 	0 	0 	0 		//	0 		3										
	8	21	옵션전체공격력추가	11229	1	3 	0 	4 	0 	6 	0 	8 	0 	14 		//	35 		1	1	0	2	0	4	0	6	0	12	2
	8	22	옵션전체방어력추가	11228	1	0 	0 	0 	0 	0 	0 	0 	0 	0 		//	0 		2										
	8	23	힘추가	11213	1	3 	0 	4 	0 	5 	0 	7 	0 	12 		//	31 		1	1	0	2	0	3	0	5	0	10	2
	8	24	민첩추가	11214	1	3 	0 	4 	0 	5 	0 	7 	0 	12 		//	31 		1	1	0	2	0	3	0	5	0	10	2
	8	25	지력추가	11215	1	3 	0 	4 	0 	5 	0 	7 	0 	12 		//	31 		1	1	0	2	0	3	0	5	0	10	2
	8	26	체력추가	11216	1	0 	4 	0 	5 	0 	7 	0 	12 	0 		//	28 		1	0	2	0	3	0	5	0	10	0	2
	8	27	정신력추가	11217	1	0 	4 	0 	5 	0 	7 	0 	12 	0 		//	28 		1	0	2	0	3	0	5	0	10	0	2
	8	28	최대HP추가	11225	1	0 	0 	0 	0 	0 	0 	0 	0 	0 		//	0 		10										
	8	29	최대MP/SP추가	11226	1	0 	0 	0 	0 	0 	0 	0 	0 	0 		//	0 		10										
	8	30	스킬공격력	11260	1	0 	0 	0 	0 	0 	0 	0 	0 	0 		//	0 		1										
	8	31	스킬데미지추가율	11261	5	0 	0 	0 	0 	0 	0 	0 	0 	0 		//	0 		1										
//	8	32	이상상태지속시간상승	1032	1	0 	0 	0 	0 	0 	0 	0 	0 	0 		//													
//	8	33	이상상태방지	1033	1	0 	0 	0 	0 	0 	0 	0 	0 	0 		//													
//	8	34	몬스터사망HP흡수	1034	1	0 	0 	0 	3 	0 	4 	5 	0 	6 		//													
//	8	35	몬스터사망MP/SP흡수	1035	1	0 	0 	0 	3 	0 	4 	5 	0 	6 		//													
//	8	36	HP회복속도상승	1036	1	0 	1 	0 	2 	0 	3 	0 	4 	0 		//													
//	8	37	MP회복속도상승	1037	1	0 	0 	0 	0 	0 	0 	0 	0 	0 		//													
//	8	38	크리티컬확률상승	1038	1	0 	0 	0 	0 	1 	0 	2 	0 	3 		//													
//	8	39	데미지반사	1039	1	0 	0 	0 	0 	0 	0 	0 	0 	0 		//													
//	8	40	HP흡수	1040	1	0 	0 	0 	2 	3 	4 	5 	6 	7 		//													
//	8	41	숙련도1상승	1041	1	1 	0 	2 	0 	3 	0 	4 	0 	5 		//													
//	8	42	숙련도2상승	1042	1	1 	0 	2 	0 	3 	0 	4 	0 	5 		//													
//	8	43	숙련도1계열스킬상승	1043	1	0 	0 	0 	0 	0 	0 	0 	0 	0 		//													
//	8	44	숙련도2계열스킬상승	1044	1	0 	0 	0 	0 	0 	0 	0 	0 	0 		//													
//	8	45	패시브계열 스킬상승	1045	1	0 	0 	0 	0 	0 	0 	0 	0 	0 		//													
//	8	46	습득돈증가	1046	1	0 	0 	0 	0 	0 	0 	0 	0 	0 		//													
//	8	47	습득경험치증가	1047	1	0 	0 	0 	0 	0 	0 	0 	0 	0 		//													
//	8	48	데미지감소	1048	1	0 	0 	0 	0 	0 	0 	0 	0 	0 		//													
//	8	49	모든스탯추가	1049	1	0 	0 	0 	0 	0 	0 	2 	3 	4 		//													
//지팡이																													
	10	1	전체공격속도추가	11224	1	0 	3 	0 	3 	0 	4 	0 	5 	0 		//	15 		0.25	0	2	0	4	0	8	0	12	0	2
	10	2	전체공격성공율추가율	11218	1	0 	3 	0 	3 	0 	4 	0 	5 	0 		//	15 		0.25	0	2	0	4	0	8	0	12	0	2
	10	3	마법속성공격력(불)추가	11210	1	3 	0 	4 	0 	6 	0 	10 	0 	18 		//	41 		1	1	0	2	0	4	0	8	0	16	2
	10	4	마법속성공격력(물)추가	11207	1	3 	0 	4 	0 	6 	0 	10 	0 	18 		//	41 		1	1	0	2	0	4	0	8	0	16	2
	10	5	마법속성공격력(대지)추가	11209	1	3 	0 	4 	0 	6 	0 	10 	0 	18 		//	41 		1	1	0	2	0	4	0	8	0	16	2
	10	6	마법속성공격력(바람)추가	11208	1	3 	0 	4 	0 	6 	0 	10 	0 	18 		//	41 		1	1	0	2	0	4	0	8	0	16	2
	10	7	마법속성공격력(암흑)추가	11211	1	3 	0 	4 	0 	6 	0 	10 	0 	18 		//	41 		1	1	0	2	0	4	0	8	0	16	2
	10	8	공격대상물리방어력감소	11252	5	0 	10 	0 	14 	0 	22 	0 	30 	0 		//	76 		2	0	2	0	4	0	8	0	12	0	6
	10	9	공격대상마법속성저항(불)감소	11253	5	0 	10 	0 	14 	0 	22 	0 	30 	0 		//	76 		2	0	2	0	4	0	8	0	12	0	6
	10	10	공격대상마법속성저항(물)감소	11254	5	0 	10 	0 	14 	0 	22 	0 	30 	0 		//	76 		2	0	2	0	4	0	8	0	12	0	6
	10	11	공격대상마법속성저항(대지)감소	11255	5	0 	10 	0 	14 	0 	22 	0 	30 	0 		//	76 		2	0	2	0	4	0	8	0	12	0	6
	10	12	공격대상마법속성저항(바람)감소	11256	5	0 	10 	0 	14 	0 	22 	0 	30 	0 		//	76 		2	0	2	0	4	0	8	0	12	0	6
	10	13	공격대상마법속성저항(암흑)감소	11257	5	0 	10 	0 	14 	0 	22 	0 	30 	0 		//	76 		2	0	2	0	4	0	8	0	12	0	6
	10	14	이동속도추가	11258	1	0 	4 	0 	5 	0 	7 	0 	9 	0 		//	25 		0.5	0	2	0	4	0	8	0	12	0	3
	10	15	전체블럭율추가율	11219	1	0 	0 	0 	0 	0 	0 	0 	0 	0 		//	0 		0.5		//특히조심								
	10	16	마법속성저항(불)추가	11204	1	0 	0 	0 	0 	0 	0 	0 	0 	0 		//	0 		3										
	10	17	마법속성저항(물)추가	11201	1	0 	0 	0 	0 	0 	0 	0 	0 	0 		//	0 		3										
	10	18	마법속성저항(대지)추가	11203	1	0 	0 	0 	0 	0 	0 	0 	0 	0 		//	0 		3										
	10	19	마법속성저항(바람)추가	11202	1	0 	0 	0 	0 	0 	0 	0 	0 	0 		//	0 		3										
	10	20	마법속성저항(암흑)추가	11205	1	0 	0 	0 	0 	0 	0 	0 	0 	0 		//	0 		3										
	10	21	옵션전체공격력추가	11229	1	3 	0 	4 	0 	6 	0 	8 	0 	14 		//	35 		1	1	0	2	0	4	0	6	0	12	2
	10	22	옵션전체방어력추가	11228	1	0 	0 	0 	0 	0 	0 	0 	0 	0 		//	0 		2										
	10	23	힘추가	11213	1	3 	0 	4 	0 	5 	0 	7 	0 	12 		//	31 		1	1	0	2	0	3	0	5	0	10	2
	10	24	민첩추가	11214	1	3 	0 	4 	0 	5 	0 	7 	0 	12 		//	31 		1	1	0	2	0	3	0	5	0	10	2
	10	25	지력추가	11215	1	3 	0 	4 	0 	5 	0 	7 	0 	12 		//	31 		1	1	0	2	0	3	0	5	0	10	2
	10	26	체력추가	11216	1	0 	4 	0 	5 	0 	7 	0 	12 	0 		//	28 		1	0	2	0	3	0	5	0	10	0	2
	10	27	정신력추가	11217	1	0 	4 	0 	5 	0 	7 	0 	12 	0 		//	28 		1	0	2	0	3	0	5	0	10	0	2
	10	28	최대HP추가	11225	1	0 	0 	0 	0 	0 	0 	0 	0 	0 		//	0 		10										
	10	29	최대MP/SP추가	11226	1	0 	0 	0 	0 	0 	0 	0 	0 	0 		//	0 		10										
	10	30	스킬공격력	11260	1	0 	0 	0 	0 	0 	0 	0 	0 	0 		//	0 		1										
	10	31	스킬데미지추가율	11261	5	0 	0 	0 	0 	0 	0 	0 	0 	0 		//	0 		1										
//	10	32	이상상태지속시간상승	1032	1	0 	0 	0 	0 	0 	0 	0 	0 	0 		//													
//	10	33	이상상태방지	1033	1	0 	0 	0 	0 	0 	0 	0 	0 	0 		//													
//	10	34	몬스터사망HP흡수	1034	1	0 	0 	0 	3 	0 	4 	5 	0 	6 		//													
//	10	35	몬스터사망MP/SP흡수	1035	1	0 	0 	0 	3 	0 	4 	5 	0 	6 		//													
//	10	36	HP회복속도상승	1036	1	0 	1 	0 	2 	0 	3 	0 	4 	0 		//													
//	10	37	MP회복속도상승	1037	1	0 	0 	0 	0 	0 	0 	0 	0 	0 		//													
//	10	38	크리티컬확률상승	1038	1	0 	0 	0 	0 	1 	0 	2 	0 	3 		//													
//	10	39	데미지반사	1039	1	0 	0 	0 	0 	0 	0 	0 	0 	0 		//													
//	10	40	HP흡수	1040	1	0 	0 	0 	2 	3 	4 	5 	6 	7 		//													
//	10	41	숙련도1상승	1041	1	1 	0 	2 	0 	3 	0 	4 	0 	5 		//													
//	10	42	숙련도2상승	1042	1	1 	0 	2 	0 	3 	0 	4 	0 	5 		//													
//	10	43	숙련도1계열스킬상승	1043	1	0 	0 	0 	0 	0 	0 	0 	0 	0 		//													
//	10	44	숙련도2계열스킬상승	1044	1	0 	0 	0 	0 	0 	0 	0 	0 	0 		//													
//	10	45	패시브계열 스킬상승	1045	1	0 	0 	0 	0 	0 	0 	0 	0 	0 		//													
//	10	46	습득돈증가	1046	1	0 	0 	0 	0 	0 	0 	0 	0 	0 		//													
//	10	47	습득경험치증가	1047	1	0 	0 	0 	0 	0 	0 	0 	0 	0 		//													
//	10	48	데미지감소	1048	1	0 	0 	0 	0 	0 	0 	0 	0 	0 		//													
//	10	49	모든스탯추가	1049	1	0 	0 	0 	0 	0 	0 	2 	3 	4 		//													
//오브																													
	11	1	전체공격속도추가	11224	1	0 	3 	0 	3 	0 	4 	0 	5 	0 		//	15 		0.25	0	2	0	4	0	8	0	12	0	2
	11	2	전체공격성공율추가율	11218	1	0 	3 	0 	3 	0 	4 	0 	5 	0 		//	15 		0.25	0	2	0	4	0	8	0	12	0	2
	11	3	마법속성공격력(불)추가	11210	1	3 	0 	4 	0 	6 	0 	10 	0 	18 		//	41 		1	1	0	2	0	4	0	8	0	16	2
	11	4	마법속성공격력(물)추가	11207	1	3 	0 	4 	0 	6 	0 	10 	0 	18 		//	41 		1	1	0	2	0	4	0	8	0	16	2
	11	5	마법속성공격력(대지)추가	11209	1	3 	0 	4 	0 	6 	0 	10 	0 	18 		//	41 		1	1	0	2	0	4	0	8	0	16	2
	11	6	마법속성공격력(바람)추가	11208	1	3 	0 	4 	0 	6 	0 	10 	0 	18 		//	41 		1	1	0	2	0	4	0	8	0	16	2
	11	7	마법속성공격력(암흑)추가	11211	1	3 	0 	4 	0 	6 	0 	10 	0 	18 		//	41 		1	1	0	2	0	4	0	8	0	16	2
	11	8	공격대상물리방어력감소	11252	5	0 	10 	0 	14 	0 	22 	0 	30 	0 		//	76 		2	0	2	0	4	0	8	0	12	0	6
	11	9	공격대상마법속성저항(불)감소	11253	5	0 	10 	0 	14 	0 	22 	0 	30 	0 		//	76 		2	0	2	0	4	0	8	0	12	0	6
	11	10	공격대상마법속성저항(물)감소	11254	5	0 	10 	0 	14 	0 	22 	0 	30 	0 		//	76 		2	0	2	0	4	0	8	0	12	0	6
	11	11	공격대상마법속성저항(대지)감소	11255	5	0 	10 	0 	14 	0 	22 	0 	30 	0 		//	76 		2	0	2	0	4	0	8	0	12	0	6
	11	12	공격대상마법속성저항(바람)감소	11256	5	0 	10 	0 	14 	0 	22 	0 	30 	0 		//	76 		2	0	2	0	4	0	8	0	12	0	6
	11	13	공격대상마법속성저항(암흑)감소	11257	5	0 	10 	0 	14 	0 	22 	0 	30 	0 		//	76 		2	0	2	0	4	0	8	0	12	0	6
	11	14	이동속도추가	11258	1	0 	4 	0 	5 	0 	7 	0 	9 	0 		//	25 		0.5	0	2	0	4	0	8	0	12	0	3
	11	15	전체블럭율추가율	11219	1	0 	0 	0 	0 	0 	0 	0 	0 	0 		//	0 		0.5		//특히조심								
	11	16	마법속성저항(불)추가	11204	1	0 	0 	0 	0 	0 	0 	0 	0 	0 		//	0 		3										
	11	17	마법속성저항(물)추가	11201	1	0 	0 	0 	0 	0 	0 	0 	0 	0 		//	0 		3										
	11	18	마법속성저항(대지)추가	11203	1	0 	0 	0 	0 	0 	0 	0 	0 	0 		//	0 		3										
	11	19	마법속성저항(바람)추가	11202	1	0 	0 	0 	0 	0 	0 	0 	0 	0 		//	0 		3										
	11	20	마법속성저항(암흑)추가	11205	1	0 	0 	0 	0 	0 	0 	0 	0 	0 		//	0 		3										
	11	21	옵션전체공격력추가	11229	1	3 	0 	4 	0 	6 	0 	8 	0 	14 		//	35 		1	1	0	2	0	4	0	6	0	12	2
	11	22	옵션전체방어력추가	11228	1	0 	0 	0 	0 	0 	0 	0 	0 	0 		//	0 		2										
	11	23	힘추가	11213	1	3 	0 	4 	0 	5 	0 	7 	0 	12 		//	31 		1	1	0	2	0	3	0	5	0	10	2
	11	24	민첩추가	11214	1	3 	0 	4 	0 	5 	0 	7 	0 	12 		//	31 		1	1	0	2	0	3	0	5	0	10	2
	11	25	지력추가	11215	1	3 	0 	4 	0 	5 	0 	7 	0 	12 		//	31 		1	1	0	2	0	3	0	5	0	10	2
	11	26	체력추가	11216	1	0 	4 	0 	5 	0 	7 	0 	12 	0 		//	28 		1	0	2	0	3	0	5	0	10	0	2
	11	27	정신력추가	11217	1	0 	4 	0 	5 	0 	7 	0 	12 	0 		//	28 		1	0	2	0	3	0	5	0	10	0	2
	11	28	최대HP추가	11225	1	0 	0 	0 	0 	0 	0 	0 	0 	0 		//	0 		10										
	11	29	최대MP/SP추가	11226	1	0 	0 	0 	0 	0 	0 	0 	0 	0 		//	0 		10										
	11	30	스킬공격력	11260	1	0 	0 	0 	0 	0 	0 	0 	0 	0 		//	0 		1										
	11	31	스킬데미지추가율	11261	5	0 	0 	0 	0 	0 	0 	0 	0 	0 		//	0 		1										
//	11	32	이상상태지속시간상승	1032	1	0 	0 	0 	0 	0 	0 	0 	0 	0 		//													
//	11	33	이상상태방지	1033	1	0 	0 	0 	0 	0 	0 	0 	0 	0 		//													
//	11	34	몬스터사망HP흡수	1034	1	0 	0 	0 	3 	0 	4 	5 	0 	6 		//													
//	11	35	몬스터사망MP/SP흡수	1035	1	0 	0 	0 	3 	0 	4 	5 	0 	6 		//													
//	11	36	HP회복속도상승	1036	1	0 	1 	0 	2 	0 	3 	0 	4 	0 		//													
//	11	37	MP회복속도상승	1037	1	0 	0 	0 	0 	0 	0 	0 	0 	0 		//													
//	11	38	크리티컬확률상승	1038	1	0 	0 	0 	0 	1 	0 	2 	0 	3 		//													
//	11	39	데미지반사	1039	1	0 	0 	0 	0 	0 	0 	0 	0 	0 		//													
//	11	40	HP흡수	1040	1	0 	0 	0 	2 	3 	4 	5 	6 	7 		//													
//	11	41	숙련도1상승	1041	1	1 	0 	2 	0 	3 	0 	4 	0 	5 		//													
//	11	42	숙련도2상승	1042	1	1 	0 	2 	0 	3 	0 	4 	0 	5 		//													
//	11	43	숙련도1계열스킬상승	1043	1	0 	0 	0 	0 	0 	0 	0 	0 	0 		//													
//	11	44	숙련도2계열스킬상승	1044	1	0 	0 	0 	0 	0 	0 	0 	0 	0 		//													
//	11	45	패시브계열 스킬상승	1045	1	0 	0 	0 	0 	0 	0 	0 	0 	0 		//													
//	11	46	습득돈증가	1046	1	0 	0 	0 	0 	0 	0 	0 	0 	0 		//													
//	11	47	습득경험치증가	1047	1	0 	0 	0 	0 	0 	0 	0 	0 	0 		//													
//	11	48	데미지감소	1048	1	0 	0 	0 	0 	0 	0 	0 	0 	0 		//													
//	11	49	모든스탯추가	1049	1	0 	0 	0 	0 	0 	0 	2 	3 	4 		//													
//대거																													
	5	1	전체공격속도추가	11224	1	0 	3 	0 	3 	0 	4 	0 	5 	0 		//	15 		0.25	0	2	0	4	0	8	0	12	0	2
	5	2	전체공격성공율추가율	11218	1	0 	3 	0 	3 	0 	4 	0 	5 	0 		//	15 		0.25	0	2	0	4	0	8	0	12	0	2
	5	3	마법속성공격력(불)추가	11210	1	3 	0 	4 	0 	6 	0 	10 	0 	18 		//	41 		1	1	0	2	0	4	0	8	0	16	2
	5	4	마법속성공격력(물)추가	11207	1	3 	0 	4 	0 	6 	0 	10 	0 	18 		//	41 		1	1	0	2	0	4	0	8	0	16	2
	5	5	마법속성공격력(대지)추가	11209	1	3 	0 	4 	0 	6 	0 	10 	0 	18 		//	41 		1	1	0	2	0	4	0	8	0	16	2
	5	6	마법속성공격력(바람)추가	11208	1	3 	0 	4 	0 	6 	0 	10 	0 	18 		//	41 		1	1	0	2	0	4	0	8	0	16	2
	5	7	마법속성공격력(암흑)추가	11211	1	3 	0 	4 	0 	6 	0 	10 	0 	18 		//	41 		1	1	0	2	0	4	0	8	0	16	2
	5	8	공격대상물리방어력감소	11252	5	0 	10 	0 	14 	0 	22 	0 	30 	0 		//	76 		2	0	2	0	4	0	8	0	12	0	6
	5	9	공격대상마법속성저항(불)감소	11253	5	0 	10 	0 	14 	0 	22 	0 	30 	0 		//	76 		2	0	2	0	4	0	8	0	12	0	6
	5	10	공격대상마법속성저항(물)감소	11254	5	0 	10 	0 	14 	0 	22 	0 	30 	0 		//	76 		2	0	2	0	4	0	8	0	12	0	6
	5	11	공격대상마법속성저항(대지)감소	11255	5	0 	10 	0 	14 	0 	22 	0 	30 	0 		//	76 		2	0	2	0	4	0	8	0	12	0	6
	5	12	공격대상마법속성저항(바람)감소	11256	5	0 	10 	0 	14 	0 	22 	0 	30 	0 		//	76 		2	0	2	0	4	0	8	0	12	0	6
	5	13	공격대상마법속성저항(암흑)감소	11257	5	0 	10 	0 	14 	0 	22 	0 	30 	0 		//	76 		2	0	2	0	4	0	8	0	12	0	6
	5	14	이동속도추가	11258	1	0 	4 	0 	5 	0 	7 	0 	9 	0 		//	25 		0.5	0	2	0	4	0	8	0	12	0	3
	5	15	전체블럭율추가율	11219	1	0 	0 	0 	0 	0 	0 	0 	0 	0 		//	0 		0.5		//특히조심								
	5	16	마법속성저항(불)추가	11204	1	0 	0 	0 	0 	0 	0 	0 	0 	0 		//	0 		3										
	5	17	마법속성저항(물)추가	11201	1	0 	0 	0 	0 	0 	0 	0 	0 	0 		//	0 		3										
	5	18	마법속성저항(대지)추가	11203	1	0 	0 	0 	0 	0 	0 	0 	0 	0 		//	0 		3										
	5	19	마법속성저항(바람)추가	11202	1	0 	0 	0 	0 	0 	0 	0 	0 	0 		//	0 		3										
	5	20	마법속성저항(암흑)추가	11205	1	0 	0 	0 	0 	0 	0 	0 	0 	0 		//	0 		3										
	5	21	옵션전체공격력추가	11229	1	3 	0 	4 	0 	6 	0 	8 	0 	14 		//	35 		1	1	0	2	0	4	0	6	0	12	2
	5	22	옵션전체방어력추가	11228	1	0 	0 	0 	0 	0 	0 	0 	0 	0 		//	0 		2										
	5	23	힘추가	11213	1	3 	0 	4 	0 	5 	0 	7 	0 	12 		//	31 		1	1	0	2	0	3	0	5	0	10	2
	5	24	민첩추가	11214	1	3 	0 	4 	0 	5 	0 	7 	0 	12 		//	31 		1	1	0	2	0	3	0	5	0	10	2
	5	25	지력추가	11215	1	3 	0 	4 	0 	5 	0 	7 	0 	12 		//	31 		1	1	0	2	0	3	0	5	0	10	2
	5	26	체력추가	11216	1	0 	4 	0 	5 	0 	7 	0 	12 	0 		//	28 		1	0	2	0	3	0	5	0	10	0	2
	5	27	정신력추가	11217	1	0 	4 	0 	5 	0 	7 	0 	12 	0 		//	28 		1	0	2	0	3	0	5	0	10	0	2
	5	28	최대HP추가	11225	1	0 	0 	0 	0 	0 	0 	0 	0 	0 		//	0 		10										
	5	29	최대MP/SP추가	11226	1	0 	0 	0 	0 	0 	0 	0 	0 	0 		//	0 		10										
	5	30	스킬공격력	11260	1	0 	0 	0 	0 	0 	0 	0 	0 	0 		//	0 		1										
	5	31	스킬데미지추가율	11261	5	0 	0 	0 	0 	0 	0 	0 	0 	0 		//	0 		1										
//	5	32	이상상태지속시간상승	1032	1	0 	0 	0 	0 	0 	0 	0 	0 	0 		//													
//	5	33	이상상태방지	1033	1	0 	0 	0 	0 	0 	0 	0 	0 	0 		//													
//	5	34	몬스터사망HP흡수	1034	1	0 	0 	0 	3 	0 	4 	5 	0 	6 		//													
//	5	35	몬스터사망MP/SP흡수	1035	1	0 	0 	0 	3 	0 	4 	5 	0 	6 		//													
//	5	36	HP회복속도상승	1036	1	0 	1 	0 	2 	0 	3 	0 	4 	0 		//													
//	5	37	MP회복속도상승	1037	1	0 	0 	0 	0 	0 	0 	0 	0 	0 		//													
//	5	38	크리티컬확률상승	1038	1	0 	0 	0 	0 	1 	0 	2 	0 	3 		//													
//	5	39	데미지반사	1039	1	0 	0 	0 	0 	0 	0 	0 	0 	0 		//													
//	5	40	HP흡수	1040	1	0 	0 	0 	2 	3 	4 	5 	6 	7 		//													
//	5	41	숙련도1상승	1041	1	1 	0 	2 	0 	3 	0 	4 	0 	5 		//													
//	5	42	숙련도2상승	1042	1	1 	0 	2 	0 	3 	0 	4 	0 	5 		//													
//	5	43	숙련도1계열스킬상승	1043	1	0 	0 	0 	0 	0 	0 	0 	0 	0 		//													
//	5	44	숙련도2계열스킬상승	1044	1	0 	0 	0 	0 	0 	0 	0 	0 	0 		//													
//	5	45	패시브계열 스킬상승	1045	1	0 	0 	0 	0 	0 	0 	0 	0 	0 		//													
//	5	46	습득돈증가	1046	1	0 	0 	0 	0 	0 	0 	0 	0 	0 		//													
//	5	47	습득경험치증가	1047	1	0 	0 	0 	0 	0 	0 	0 	0 	0 		//													
//	5	48	데미지감소	1048	1	0 	0 	0 	0 	0 	0 	0 	0 	0 		//													
//	5	49	모든스탯추가	1049	1	0 	0 	0 	0 	0 	0 	2 	3 	4 		//													
//채찍검																													
	6	1	전체공격속도추가	11224	1	0 	3 	0 	3 	0 	4 	0 	5 	0 		//	15 		0.25	0	2	0	4	0	8	0	12	0	2
	6	2	전체공격성공율추가율	11218	1	0 	3 	0 	3 	0 	4 	0 	5 	0 		//	15 		0.25	0	2	0	4	0	8	0	12	0	2
	6	3	마법속성공격력(불)추가	11210	1	3 	0 	4 	0 	6 	0 	10 	0 	18 		//	41 		1	1	0	2	0	4	0	8	0	16	2
	6	4	마법속성공격력(물)추가	11207	1	3 	0 	4 	0 	6 	0 	10 	0 	18 		//	41 		1	1	0	2	0	4	0	8	0	16	2
	6	5	마법속성공격력(대지)추가	11209	1	3 	0 	4 	0 	6 	0 	10 	0 	18 		//	41 		1	1	0	2	0	4	0	8	0	16	2
	6	6	마법속성공격력(바람)추가	11208	1	3 	0 	4 	0 	6 	0 	10 	0 	18 		//	41 		1	1	0	2	0	4	0	8	0	16	2
	6	7	마법속성공격력(암흑)추가	11211	1	3 	0 	4 	0 	6 	0 	10 	0 	18 		//	41 		1	1	0	2	0	4	0	8	0	16	2
	6	8	공격대상물리방어력감소	11252	5	0 	10 	0 	14 	0 	22 	0 	30 	0 		//	76 		2	0	2	0	4	0	8	0	12	0	6
	6	9	공격대상마법속성저항(불)감소	11253	5	0 	10 	0 	14 	0 	22 	0 	30 	0 		//	76 		2	0	2	0	4	0	8	0	12	0	6
	6	10	공격대상마법속성저항(물)감소	11254	5	0 	10 	0 	14 	0 	22 	0 	30 	0 		//	76 		2	0	2	0	4	0	8	0	12	0	6
	6	11	공격대상마법속성저항(대지)감소	11255	5	0 	10 	0 	14 	0 	22 	0 	30 	0 		//	76 		2	0	2	0	4	0	8	0	12	0	6
	6	12	공격대상마법속성저항(바람)감소	11256	5	0 	10 	0 	14 	0 	22 	0 	30 	0 		//	76 		2	0	2	0	4	0	8	0	12	0	6
	6	13	공격대상마법속성저항(암흑)감소	11257	5	0 	10 	0 	14 	0 	22 	0 	30 	0 		//	76 		2	0	2	0	4	0	8	0	12	0	6
	6	14	이동속도추가	11258	1	0 	4 	0 	5 	0 	7 	0 	9 	0 		//	25 		0.5	0	2	0	4	0	8	0	12	0	3
	6	15	전체블럭율추가율	11219	1	0 	0 	0 	0 	0 	0 	0 	0 	0 		//	0 		0.5		//특히조심								
	6	16	마법속성저항(불)추가	11204	1	0 	0 	0 	0 	0 	0 	0 	0 	0 		//	0 		3										
	6	17	마법속성저항(물)추가	11201	1	0 	0 	0 	0 	0 	0 	0 	0 	0 		//	0 		3										
	6	18	마법속성저항(대지)추가	11203	1	0 	0 	0 	0 	0 	0 	0 	0 	0 		//	0 		3										
	6	19	마법속성저항(바람)추가	11202	1	0 	0 	0 	0 	0 	0 	0 	0 	0 		//	0 		3										
	6	20	마법속성저항(암흑)추가	11205	1	0 	0 	0 	0 	0 	0 	0 	0 	0 		//	0 		3										
	6	21	옵션전체공격력추가	11229	1	3 	0 	4 	0 	6 	0 	8 	0 	14 		//	35 		1	1	0	2	0	4	0	6	0	12	2
	6	22	옵션전체방어력추가	11228	1	0 	0 	0 	0 	0 	0 	0 	0 	0 		//	0 		2										
	6	23	힘추가	11213	1	3 	0 	4 	0 	5 	0 	7 	0 	12 		//	31 		1	1	0	2	0	3	0	5	0	10	2
	6	24	민첩추가	11214	1	3 	0 	4 	0 	5 	0 	7 	0 	12 		//	31 		1	1	0	2	0	3	0	5	0	10	2
	6	25	지력추가	11215	1	3 	0 	4 	0 	5 	0 	7 	0 	12 		//	31 		1	1	0	2	0	3	0	5	0	10	2
	6	26	체력추가	11216	1	0 	4 	0 	5 	0 	7 	0 	12 	0 		//	28 		1	0	2	0	3	0	5	0	10	0	2
	6	27	정신력추가	11217	1	0 	4 	0 	5 	0 	7 	0 	12 	0 		//	28 		1	0	2	0	3	0	5	0	10	0	2
	6	28	최대HP추가	11225	1	0 	0 	0 	0 	0 	0 	0 	0 	0 		//	0 		10										
	6	29	최대MP/SP추가	11226	1	0 	0 	0 	0 	0 	0 	0 	0 	0 		//	0 		10										
	6	30	스킬공격력	11260	1	0 	0 	0 	0 	0 	0 	0 	0 	0 		//	0 		1										
	6	31	스킬데미지추가율	11261	5	0 	0 	0 	0 	0 	0 	0 	0 	0 		//	0 		1										
//	6	32	이상상태지속시간상승	1032	1	0 	0 	0 	0 	0 	0 	0 	0 	0 		//													
//	6	33	이상상태방지	1033	1	0 	0 	0 	0 	0 	0 	0 	0 	0 		//													
//	6	34	몬스터사망HP흡수	1034	1	0 	0 	0 	3 	0 	4 	5 	0 	6 		//													
//	6	35	몬스터사망MP/SP흡수	1035	1	0 	0 	0 	3 	0 	4 	5 	0 	6 		//													
//	6	36	HP회복속도상승	1036	1	0 	1 	0 	2 	0 	3 	0 	4 	0 		//													
//	6	37	MP회복속도상승	1037	1	0 	0 	0 	0 	0 	0 	0 	0 	0 		//													
//	6	38	크리티컬확률상승	1038	1	0 	0 	0 	0 	1 	0 	2 	0 	3 		//													
//	6	39	데미지반사	1039	1	0 	0 	0 	0 	0 	0 	0 	0 	0 		//													
//	6	40	HP흡수	1040	1	0 	0 	0 	2 	3 	4 	5 	6 	7 		//													
//	6	41	숙련도1상승	1041	1	1 	0 	2 	0 	3 	0 	4 	0 	5 		//													
//	6	42	숙련도2상승	1042	1	1 	0 	2 	0 	3 	0 	4 	0 	5 		//													
//	6	43	숙련도1계열스킬상승	1043	1	0 	0 	0 	0 	0 	0 	0 	0 	0 		//													
//	6	44	숙련도2계열스킬상승	1044	1	0 	0 	0 	0 	0 	0 	0 	0 	0 		//													
//	6	45	패시브계열 스킬상승	1045	1	0 	0 	0 	0 	0 	0 	0 	0 	0 		//													
//	6	46	습득돈증가	1046	1	0 	0 	0 	0 	0 	0 	0 	0 	0 		//													
//	6	47	습득경험치증가	1047	1	0 	0 	0 	0 	0 	0 	0 	0 	0 		//													
//	6	48	데미지감소	1048	1	0 	0 	0 	0 	0 	0 	0 	0 	0 		//													
//	6	49	모든스탯추가	1049	1	0 	0 	0 	0 	0 	0 	2 	3 	4 		//													
//갑옷																		8											
	101	1	전체공격속도추가	11224	1	0 	0 	0 	0 	0 	0 	0 	0 	0 		//	0 	0	2										
	101	2	전체공격성공율추가율	11218	1	0 	0 	0 	0 	0 	0 	0 	0 	0 		//	0 	0	2										
	101	3	마법속성공격력(불)추가	11210	1	0 	0 	0 	0 	0 	0 	0 	0 	0 		//	0 	0	1										
	101	4	마법속성공격력(물)추가	11207	1	0 	0 	0 	0 	0 	0 	0 	0 	0 		//	0 	0	1										
	101	5	마법속성공격력(대지)추가	11209	1	0 	0 	0 	0 	0 	0 	0 	0 	0 		//	0 	0	1										
	101	6	마법속성공격력(바람)추가	11208	1	0 	0 	0 	0 	0 	0 	0 	0 	0 		//	0 	0	1										
	101	7	마법속성공격력(암흑)추가	11211	1	0 	0 	0 	0 	0 	0 	0 	0 	0 		//	0 	0	1										
	101	8	공격대상물리방어력감소	11252	5	0 	0 	0 	0 	0 	0 	0 	0 	0 		//	0 	0	3										
	101	9	공격대상마법속성저항(불)감소	11253	5	0 	0 	0 	0 	0 	0 	0 	0 	0 		//	0 	0	3										
	101	10	공격대상마법속성저항(물)감소	11254	5	0 	0 	0 	0 	0 	0 	0 	0 	0 		//	0 	0	3										
	101	11	공격대상마법속성저항(대지)감소	11255	5	0 	0 	0 	0 	0 	0 	0 	0 	0 		//	0 	0	3										
	101	12	공격대상마법속성저항(바람)감소	11256	5	0 	0 	0 	0 	0 	0 	0 	0 	0 		//	0 	0	3										
	101	13	공격대상마법속성저항(암흑)감소	11257	5	0 	0 	0 	0 	0 	0 	0 	0 	0 		//	0 	0	3										
	101	14	이동속도추가	11258	1	0 	0 	0 	0 	0 	0 	0 	0 	0 		//	0 	0	1										
	101	15	전체블럭율추가율	11219	1	0 	0 	0 	0 	0 	0 	0 	0 	0 		//	0 	0	0.5										
	101	16	마법속성저항(불)추가	11204	1	3 	0 	4 	0 	6 	0 	10 	0 	17 		//	40 	320	3	0.3	0	0.6	0	1.2	0	2.4	0	4.8	3
	101	17	마법속성저항(물)추가	11201	1	3 	0 	4 	0 	6 	0 	10 	0 	17 		//	40 	320	3	0.3	0	0.6	0	1.2	0	2.4	0	4.8	3
	101	18	마법속성저항(대지)추가	11203	1	0 	4 	0 	6 	0 	10 	0 	17 	0 		//	37 	296	3	0	0.6	0	1.2	0	2.4	0	4.8	0	3
	101	19	마법속성저항(바람)추가	11202	1	0 	4 	0 	6 	0 	10 	0 	17 	0 		//	37 	296	3	0	0.6	0	1.2	0	2.4	0	4.8	0	3
	101	20	마법속성저항(암흑)추가	11205	1	0 	4 	0 	6 	0 	10 	0 	17 	0 		//	37 	296	3	0	0.6	0	1.2	0	2.4	0	4.8	0	3
	101	21	옵션전체공격력추가	11229	1	0 	0 	0 	0 	0 	0 	0 	0 	0 		//	0 	0	0	0	0.6	0	1.2	0	2.4	0	4.8	0	2
	101	22	옵션전체방어력추가	11228	1	0 	0 	0 	0 	0 	0 	0 	0 	0 		//	0 	0	0	0.3	0	0.6	0	1.2	0	2.4	0	4.8	3
	101	23	힘추가	11213	1	0 	2 	0 	2 	0 	3 	0 	3 	0 		//	10 	80	1	0	0.25	0	0.5	0	1	0	1.5	0	2
	101	24	민첩추가	11214	1	0 	2 	0 	2 	0 	3 	0 	3 	0 		//	10 	80	1	0	0.25	0	0.5	0	1	0	1.5	0	2
	101	25	지력추가	11215	1	0 	2 	0 	2 	0 	3 	0 	3 	0 		//	10 	80	1	0	0.25	0	0.5	0	1	0	1.5	0	2
	101	26	체력추가	11216	1	2 	0 	2 	0 	2 	0 	3 	0 	3 		//	12 	96	1	0.125	0	0.25	0	0.5	0	1	0	1.5	2
	101	27	정신력추가	11217	1	2 	0 	2 	0 	2 	0 	3 	0 	3 		//	12 	96	1	0.125	0	0.25	0	0.5	0	1	0	1.5	2
	101	28	최대HP추가	11225	1	20 	0 	25 	0 	30 	0 	35 	0 	40 		//	150 	1200	10	0.2	0	0.7	0	1.2	0	1.7	0	2.2	18
	101	29	최대MP/SP추가	11226	1	20 	0 	25 	0 	30 	0 	35 	0 	40 		//	150 	1200	10	0.2	0	0.7	0	1.2	0	1.7	0	2.2	18
	101	30	스킬공격력	11260	1	0 	0 	0 	0 	0 	0 	0 	0 	0 		//	0 	0	1										
	101	31	스킬데미지추가율	11261	5	0 	0 	0 	0 	0 	0 	0 	0 	0 		//	0 	0	1										
//	101	32	이상상태지속시간상승	1032	1	0 	0 	0 	0 	0 	0 	0 	0 	0 		//													
//	101	33	이상상태방지	1033	1	0 	0 	0 	0 	0 	0 	0 	0 	0 		//													
//	101	34	몬스터사망HP흡수	1034	1	0 	0 	0 	0 	0 	0 	0 	0 	0 		//													
//	101	35	몬스터사망MP/SP흡수	1035	1	0 	0 	0 	0 	0 	0 	0 	0 	0 		//													
//	101	36	HP회복속도상승	1036	1	0 	0 	0 	3 	0 	4 	5 	0 	6 		//													
//	101	37	MP회복속도상승	1037	1	0 	0 	0 	3 	0 	4 	5 	0 	6 		//													
//	101	38	크리티컬확률상승	1038	1	0 	0 	0 	0 	0 	0 	0 	0 	0 		//													
//	101	39	데미지반사	1039	1	0 	0 	0 	2 	3 	4 	5 	6 	7 		//													
//	101	40	HP흡수	1040	1	0 	0 	0 	0 	0 	0 	0 	0 	0 		//													
//	101	41	숙련도1상승	1041	1	0 	0 	0 	0 	0 	0 	0 	0 	0 		//													
//	101	42	숙련도2상승	1042	1	0 	0 	0 	0 	0 	0 	0 	0 	0 		//													
//	101	43	숙련도1계열스킬상승	1043	1	0 	0 	0 	0 	0 	0 	0 	0 	0 		//													
//	101	44	숙련도2계열스킬상승	1044	1	0 	0 	0 	0 	0 	0 	0 	0 	0 		//													
//	101	45	패시브계열 스킬상승	1045	1	0 	0 	0 	0 	0 	0 	0 	0 	0 		//													
//	101	46	습득돈증가	1046	1	0 	0 	0 	0 	0 	0 	0 	0 	0 		//													
//	101	47	습득경험치증가	1047	1	0 	0 	0 	0 	0 	0 	0 	0 	0 		//													
//	101	48	데미지감소	1048	1	0 	0 	0 	0 	0 	0 	0 	0 	0 		//													
//	101	49	모든스탯추가	1049	1	0 	0 	0 	0 	0 	0 	0 	0 	0 		//													
//프로텍터																													
	201	1	전체공격속도추가	11224	1	0 	0 	0 	0 	0 	0 	0 	0 	0 		//	0 		2										
	201	2	전체공격성공율추가율	11218	1	0 	0 	0 	0 	0 	0 	0 	0 	0 		//	0 		2										
	201	3	마법속성공격력(불)추가	11210	1	0 	0 	0 	0 	0 	0 	0 	0 	0 		//	0 		1										
	201	4	마법속성공격력(물)추가	11207	1	0 	0 	0 	0 	0 	0 	0 	0 	0 		//	0 		1										
	201	5	마법속성공격력(대지)추가	11209	1	0 	0 	0 	0 	0 	0 	0 	0 	0 		//	0 		1										
	201	6	마법속성공격력(바람)추가	11208	1	0 	0 	0 	0 	0 	0 	0 	0 	0 		//	0 		1										
	201	7	마법속성공격력(암흑)추가	11211	1	0 	0 	0 	0 	0 	0 	0 	0 	0 		//	0 		1										
	201	8	공격대상물리방어력감소	11252	5	0 	0 	0 	0 	0 	0 	0 	0 	0 		//	0 		3										
	201	9	공격대상마법속성저항(불)감소	11253	5	0 	0 	0 	0 	0 	0 	0 	0 	0 		//	0 		3										
	201	10	공격대상마법속성저항(물)감소	11254	5	0 	0 	0 	0 	0 	0 	0 	0 	0 		//	0 		3										
	201	11	공격대상마법속성저항(대지)감소	11255	5	0 	0 	0 	0 	0 	0 	0 	0 	0 		//	0 		3										
	201	12	공격대상마법속성저항(바람)감소	11256	5	0 	0 	0 	0 	0 	0 	0 	0 	0 		//	0 		3										
	201	13	공격대상마법속성저항(암흑)감소	11257	5	0 	0 	0 	0 	0 	0 	0 	0 	0 		//	0 		3										
	201	14	이동속도추가	11258	1	0 	0 	0 	0 	0 	0 	0 	0 	0 		//	0 		1										
	201	15	전체블럭율추가율	11219	1	0 	0 	0 	0 	0 	0 	0 	0 	0 		//	0 		0.5										
	201	16	마법속성저항(불)추가	11204	1	3 	0 	4 	0 	6 	0 	10 	0 	17 		//	40 		3	0.3	0	0.6	0	1.2	0	2.4	0	4.8	3
	201	17	마법속성저항(물)추가	11201	1	3 	0 	4 	0 	6 	0 	10 	0 	17 		//	40 		3	0.3	0	0.6	0	1.2	0	2.4	0	4.8	3
	201	18	마법속성저항(대지)추가	11203	1	0 	4 	0 	6 	0 	10 	0 	17 	0 		//	37 		3	0	0.6	0	1.2	0	2.4	0	4.8	0	3
	201	19	마법속성저항(바람)추가	11202	1	0 	4 	0 	6 	0 	10 	0 	17 	0 		//	37 		3	0	0.6	0	1.2	0	2.4	0	4.8	0	3
	201	20	마법속성저항(암흑)추가	11205	1	0 	4 	0 	6 	0 	10 	0 	17 	0 		//	37 		3	0	0.6	0	1.2	0	2.4	0	4.8	0	3
	201	21	옵션전체공격력추가	11229	1	0 	0 	0 	0 	0 	0 	0 	0 	0 		//	0 		0	0	0.6	0	1.2	0	2.4	0	4.8	0	2
	201	22	옵션전체방어력추가	11228	1	0 	0 	0 	0 	0 	0 	0 	0 	0 		//	0 		0	0.3	0	0.6	0	1.2	0	2.4	0	4.8	3
	201	23	힘추가	11213	1	0 	2 	0 	2 	0 	3 	0 	3 	0 		//	10 		1	0	0.25	0	0.5	0	1	0	1.5	0	2
	201	24	민첩추가	11214	1	0 	2 	0 	2 	0 	3 	0 	3 	0 		//	10 		1	0	0.25	0	0.5	0	1	0	1.5	0	2
	201	25	지력추가	11215	1	0 	2 	0 	2 	0 	3 	0 	3 	0 		//	10 		1	0	0.25	0	0.5	0	1	0	1.5	0	2
	201	26	체력추가	11216	1	2 	0 	2 	0 	2 	0 	3 	0 	3 		//	12 		1	0.125	0	0.25	0	0.5	0	1	0	1.5	2
	201	27	정신력추가	11217	1	2 	0 	2 	0 	2 	0 	3 	0 	3 		//	12 		1	0.125	0	0.25	0	0.5	0	1	0	1.5	2
	201	28	최대HP추가	11225	1	20 	0 	25 	0 	30 	0 	35 	0 	40 		//	150 		10	0.2	0	0.7	0	1.2	0	1.7	0	2.2	18
	201	29	최대MP/SP추가	11226	1	20 	0 	25 	0 	30 	0 	35 	0 	40 		//	150 		10	0.2	0	0.7	0	1.2	0	1.7	0	2.2	18
	201	30	스킬공격력	11260	1	0 	0 	0 	0 	0 	0 	0 	0 	0 		//	0 		1										
	201	31	스킬데미지추가율	11261	5	0 	0 	0 	0 	0 	0 	0 	0 	0 		//	0 		1										
//	201	32	이상상태지속시간상승	1032	1	0 	0 	0 	0 	0 	0 	0 	0 	0 		//													
//	201	33	이상상태방지	1033	1	0 	0 	0 	0 	0 	0 	0 	0 	0 		//													
//	201	34	몬스터사망HP흡수	1034	1	0 	0 	0 	0 	0 	0 	0 	0 	0 		//													
//	201	35	몬스터사망MP/SP흡수	1035	1	0 	0 	0 	0 	0 	0 	0 	0 	0 		//													
//	201	36	HP회복속도상승	1036	1	0 	0 	0 	3 	0 	4 	5 	0 	6 		//													
//	201	37	MP회복속도상승	1037	1	0 	0 	0 	3 	0 	4 	5 	0 	6 		//													
//	201	38	크리티컬확률상승	1038	1	0 	0 	0 	0 	0 	0 	0 	0 	0 		//													
//	201	39	데미지반사	1039	1	0 	0 	0 	2 	3 	4 	5 	6 	7 		//													
//	201	40	HP흡수	1040	1	0 	0 	0 	0 	0 	0 	0 	0 	0 		//													
//	201	41	숙련도1상승	1041	1	0 	0 	0 	0 	0 	0 	0 	0 	0 		//													
//	201	42	숙련도2상승	1042	1	0 	0 	0 	0 	0 	0 	0 	0 	0 		//													
//	201	43	숙련도1계열스킬상승	1043	1	0 	0 	0 	0 	0 	0 	0 	0 	0 		//													
//	201	44	숙련도2계열스킬상승	1044	1	0 	0 	0 	0 	0 	0 	0 	0 	0 		//													
//	201	45	패시브계열 스킬상승	1045	1	0 	0 	0 	0 	0 	0 	0 	0 	0 		//													
//	201	46	습득돈증가	1046	1	0 	0 	0 	0 	0 	0 	0 	0 	0 		//													
//	201	47	습득경험치증가	1047	1	0 	0 	0 	0 	0 	0 	0 	0 	0 		//													
//	201	48	데미지감소	1048	1	0 	0 	0 	0 	0 	0 	0 	0 	0 		//													
//	201	49	모든스탯추가	1049	1	0 	0 	0 	0 	0 	0 	0 	0 	0 		//													
//헬멧																													
	301	1	전체공격속도추가	11224	1	0 	0 	0 	0 	0 	0 	0 	0 	0 		//	0 		2										
	301	2	전체공격성공율추가율	11218	1	0 	0 	0 	0 	0 	0 	0 	0 	0 		//	0 		2										
	301	3	마법속성공격력(불)추가	11210	1	0 	0 	0 	0 	0 	0 	0 	0 	0 		//	0 		1										
	301	4	마법속성공격력(물)추가	11207	1	0 	0 	0 	0 	0 	0 	0 	0 	0 		//	0 		1										
	301	5	마법속성공격력(대지)추가	11209	1	0 	0 	0 	0 	0 	0 	0 	0 	0 		//	0 		1										
	301	6	마법속성공격력(바람)추가	11208	1	0 	0 	0 	0 	0 	0 	0 	0 	0 		//	0 		1										
	301	7	마법속성공격력(암흑)추가	11211	1	0 	0 	0 	0 	0 	0 	0 	0 	0 		//	0 		1										
	301	8	공격대상물리방어력감소	11252	5	0 	0 	0 	0 	0 	0 	0 	0 	0 		//	0 		3										
	301	9	공격대상마법속성저항(불)감소	11253	5	0 	0 	0 	0 	0 	0 	0 	0 	0 		//	0 		3										
	301	10	공격대상마법속성저항(물)감소	11254	5	0 	0 	0 	0 	0 	0 	0 	0 	0 		//	0 		3										
	301	11	공격대상마법속성저항(대지)감소	11255	5	0 	0 	0 	0 	0 	0 	0 	0 	0 		//	0 		3										
	301	12	공격대상마법속성저항(바람)감소	11256	5	0 	0 	0 	0 	0 	0 	0 	0 	0 		//	0 		3										
	301	13	공격대상마법속성저항(암흑)감소	11257	5	0 	0 	0 	0 	0 	0 	0 	0 	0 		//	0 		3										
	301	14	이동속도추가	11258	1	0 	0 	0 	0 	0 	0 	0 	0 	0 		//	0 		1										
	301	15	전체블럭율추가율	11219	1	0 	0 	0 	0 	0 	0 	0 	0 	0 		//	0 		0.5										
	301	16	마법속성저항(불)추가	11204	1	3 	0 	4 	0 	6 	0 	10 	0 	17 		//	40 		3	0.3	0	0.6	0	1.2	0	2.4	0	4.8	3
	301	17	마법속성저항(물)추가	11201	1	3 	0 	4 	0 	6 	0 	10 	0 	17 		//	40 		3	0.3	0	0.6	0	1.2	0	2.4	0	4.8	3
	301	18	마법속성저항(대지)추가	11203	1	0 	4 	0 	6 	0 	10 	0 	17 	0 		//	37 		3	0	0.6	0	1.2	0	2.4	0	4.8	0	3
	301	19	마법속성저항(바람)추가	11202	1	0 	4 	0 	6 	0 	10 	0 	17 	0 		//	37 		3	0	0.6	0	1.2	0	2.4	0	4.8	0	3
	301	20	마법속성저항(암흑)추가	11205	1	0 	4 	0 	6 	0 	10 	0 	17 	0 		//	37 		3	0	0.6	0	1.2	0	2.4	0	4.8	0	3
	301	21	옵션전체공격력추가	11229	1	0 	0 	0 	0 	0 	0 	0 	0 	0 		//	0 		0	0	0.6	0	1.2	0	2.4	0	4.8	0	2
	301	22	옵션전체방어력추가	11228	1	0 	0 	0 	0 	0 	0 	0 	0 	0 		//	0 		0	0.3	0	0.6	0	1.2	0	2.4	0	4.8	3
	301	23	힘추가	11213	1	0 	2 	0 	2 	0 	3 	0 	3 	0 		//	10 		1	0	0.25	0	0.5	0	1	0	1.5	0	2
	301	24	민첩추가	11214	1	0 	2 	0 	2 	0 	3 	0 	3 	0 		//	10 		1	0	0.25	0	0.5	0	1	0	1.5	0	2
	301	25	지력추가	11215	1	0 	2 	0 	2 	0 	3 	0 	3 	0 		//	10 		1	0	0.25	0	0.5	0	1	0	1.5	0	2
	301	26	체력추가	11216	1	2 	0 	2 	0 	2 	0 	3 	0 	3 		//	12 		1	0.125	0	0.25	0	0.5	0	1	0	1.5	2
	301	27	정신력추가	11217	1	2 	0 	2 	0 	2 	0 	3 	0 	3 		//	12 		1	0.125	0	0.25	0	0.5	0	1	0	1.5	2
	301	28	최대HP추가	11225	1	20 	0 	25 	0 	30 	0 	35 	0 	40 		//	150 		10	0.2	0	0.7	0	1.2	0	1.7	0	2.2	18
	301	29	최대MP/SP추가	11226	1	20 	0 	25 	0 	30 	0 	35 	0 	40 		//	150 		10	0.2	0	0.7	0	1.2	0	1.7	0	2.2	18
	301	30	스킬공격력	11260	1	0 	0 	0 	0 	0 	0 	0 	0 	0 		//	0 		1										
	301	31	스킬데미지추가율	11261	5	0 	0 	0 	0 	0 	0 	0 	0 	0 		//	0 		1										
//	301	32	이상상태지속시간상승	1032	1	0 	0 	0 	0 	0 	0 	0 	0 	0 		//													
//	301	33	이상상태방지	1033	1	0 	0 	0 	0 	0 	0 	0 	0 	0 		//													
//	301	34	몬스터사망HP흡수	1034	1	0 	0 	0 	0 	0 	0 	0 	0 	0 		//													
//	301	35	몬스터사망MP/SP흡수	1035	1	0 	0 	0 	0 	0 	0 	0 	0 	0 		//													
//	301	36	HP회복속도상승	1036	1	0 	0 	0 	3 	0 	4 	5 	0 	6 		//													
//	301	37	MP회복속도상승	1037	1	0 	0 	0 	3 	0 	4 	5 	0 	6 		//													
//	301	38	크리티컬확률상승	1038	1	0 	0 	0 	0 	0 	0 	0 	0 	0 		//													
//	301	39	데미지반사	1039	1	0 	0 	0 	2 	3 	4 	5 	6 	7 		//													
//	301	40	HP흡수	1040	1	0 	0 	0 	0 	0 	0 	0 	0 	0 		//													
//	301	41	숙련도1상승	1041	1	0 	0 	0 	0 	0 	0 	0 	0 	0 		//													
//	301	42	숙련도2상승	1042	1	0 	0 	0 	0 	0 	0 	0 	0 	0 		//													
//	301	43	숙련도1계열스킬상승	1043	1	0 	0 	0 	0 	0 	0 	0 	0 	0 		//													
//	301	44	숙련도2계열스킬상승	1044	1	0 	0 	0 	0 	0 	0 	0 	0 	0 		//													
//	301	45	패시브계열 스킬상승	1045	1	0 	0 	0 	0 	0 	0 	0 	0 	0 		//													
//	301	46	습득돈증가	1046	1	0 	0 	0 	0 	0 	0 	0 	0 	0 		//													
//	301	47	습득경험치증가	1047	1	0 	0 	0 	0 	0 	0 	0 	0 	0 		//													
//	301	48	데미지감소	1048	1	0 	0 	0 	0 	0 	0 	0 	0 	0 		//													
//	301	49	모든스탯추가	1049	1	0 	0 	0 	0 	0 	0 	0 	0 	0 		//													
//하의																													
	401	1	전체공격속도추가	11224	1	0 	0 	0 	0 	0 	0 	0 	0 	0 		//	0 		2										
	401	2	전체공격성공율추가율	11218	1	0 	0 	0 	0 	0 	0 	0 	0 	0 		//	0 		2										
	401	3	마법속성공격력(불)추가	11210	1	0 	0 	0 	0 	0 	0 	0 	0 	0 		//	0 		1										
	401	4	마법속성공격력(물)추가	11207	1	0 	0 	0 	0 	0 	0 	0 	0 	0 		//	0 		1										
	401	5	마법속성공격력(대지)추가	11209	1	0 	0 	0 	0 	0 	0 	0 	0 	0 		//	0 		1										
	401	6	마법속성공격력(바람)추가	11208	1	0 	0 	0 	0 	0 	0 	0 	0 	0 		//	0 		1										
	401	7	마법속성공격력(암흑)추가	11211	1	0 	0 	0 	0 	0 	0 	0 	0 	0 		//	0 		1										
	401	8	공격대상물리방어력감소	11252	5	0 	0 	0 	0 	0 	0 	0 	0 	0 		//	0 		3										
	401	9	공격대상마법속성저항(불)감소	11253	5	0 	0 	0 	0 	0 	0 	0 	0 	0 		//	0 		3										
	401	10	공격대상마법속성저항(물)감소	11254	5	0 	0 	0 	0 	0 	0 	0 	0 	0 		//	0 		3										
	401	11	공격대상마법속성저항(대지)감소	11255	5	0 	0 	0 	0 	0 	0 	0 	0 	0 		//	0 		3										
	401	12	공격대상마법속성저항(바람)감소	11256	5	0 	0 	0 	0 	0 	0 	0 	0 	0 		//	0 		3										
	401	13	공격대상마법속성저항(암흑)감소	11257	5	0 	0 	0 	0 	0 	0 	0 	0 	0 		//	0 		3										
	401	14	이동속도추가	11258	1	0 	0 	0 	0 	0 	0 	0 	0 	0 		//	0 		1										
	401	15	전체블럭율추가율	11219	1	0 	0 	0 	0 	0 	0 	0 	0 	0 		//	0 		0.5										
	401	16	마법속성저항(불)추가	11204	1	3 	0 	4 	0 	6 	0 	10 	0 	17 		//	40 		3	0.3	0	0.6	0	1.2	0	2.4	0	4.8	3
	401	17	마법속성저항(물)추가	11201	1	3 	0 	4 	0 	6 	0 	10 	0 	17 		//	40 		3	0.3	0	0.6	0	1.2	0	2.4	0	4.8	3
	401	18	마법속성저항(대지)추가	11203	1	0 	4 	0 	6 	0 	10 	0 	17 	0 		//	37 		3	0	0.6	0	1.2	0	2.4	0	4.8	0	3
	401	19	마법속성저항(바람)추가	11202	1	0 	4 	0 	6 	0 	10 	0 	17 	0 		//	37 		3	0	0.6	0	1.2	0	2.4	0	4.8	0	3
	401	20	마법속성저항(암흑)추가	11205	1	0 	4 	0 	6 	0 	10 	0 	17 	0 		//	37 		3	0	0.6	0	1.2	0	2.4	0	4.8	0	3
	401	21	옵션전체공격력추가	11229	1	0 	0 	0 	0 	0 	0 	0 	0 	0 		//	0 		0	0	0.6	0	1.2	0	2.4	0	4.8	0	2
	401	22	옵션전체방어력추가	11228	1	0 	0 	0 	0 	0 	0 	0 	0 	0 		//	0 		0	0.3	0	0.6	0	1.2	0	2.4	0	4.8	3
	401	23	힘추가	11213	1	0 	2 	0 	2 	0 	3 	0 	3 	0 		//	10 		1	0	0.25	0	0.5	0	1	0	1.5	0	2
	401	24	민첩추가	11214	1	0 	2 	0 	2 	0 	3 	0 	3 	0 		//	10 		1	0	0.25	0	0.5	0	1	0	1.5	0	2
	401	25	지력추가	11215	1	0 	2 	0 	2 	0 	3 	0 	3 	0 		//	10 		1	0	0.25	0	0.5	0	1	0	1.5	0	2
	401	26	체력추가	11216	1	2 	0 	2 	0 	2 	0 	3 	0 	3 		//	12 		1	0.125	0	0.25	0	0.5	0	1	0	1.5	2
	401	27	정신력추가	11217	1	2 	0 	2 	0 	2 	0 	3 	0 	3 		//	12 		1	0.125	0	0.25	0	0.5	0	1	0	1.5	2
	401	28	최대HP추가	11225	1	20 	0 	25 	0 	30 	0 	35 	0 	40 		//	150 		10	0.2	0	0.7	0	1.2	0	1.7	0	2.2	18
	401	29	최대MP/SP추가	11226	1	20 	0 	25 	0 	30 	0 	35 	0 	40 		//	150 		10	0.2	0	0.7	0	1.2	0	1.7	0	2.2	18
	401	30	스킬공격력	11260	1	0 	0 	0 	0 	0 	0 	0 	0 	0 		//	0 		1										
	401	31	스킬데미지추가율	11261	5	0 	0 	0 	0 	0 	0 	0 	0 	0 		//	0 		1										
//	401	32	이상상태지속시간상승	1032	1	0 	0 	0 	0 	0 	0 	0 	0 	0 		//													
//	401	33	이상상태방지	1033	1	0 	0 	0 	0 	0 	0 	0 	0 	0 		//													
//	401	34	몬스터사망HP흡수	1034	1	0 	0 	0 	0 	0 	0 	0 	0 	0 		//													
//	401	35	몬스터사망MP/SP흡수	1035	1	0 	0 	0 	0 	0 	0 	0 	0 	0 		//													
//	401	36	HP회복속도상승	1036	1	0 	0 	0 	3 	0 	4 	5 	0 	6 		//													
//	401	37	MP회복속도상승	1037	1	0 	0 	0 	3 	0 	4 	5 	0 	6 		//													
//	401	38	크리티컬확률상승	1038	1	0 	0 	0 	0 	0 	0 	0 	0 	0 		//													
//	401	39	데미지반사	1039	1	0 	0 	0 	2 	3 	4 	5 	6 	7 		//													
//	401	40	HP흡수	1040	1	0 	0 	0 	0 	0 	0 	0 	0 	0 		//													
//	401	41	숙련도1상승	1041	1	0 	0 	0 	0 	0 	0 	0 	0 	0 		//													
//	401	42	숙련도2상승	1042	1	0 	0 	0 	0 	0 	0 	0 	0 	0 		//													
//	401	43	숙련도1계열스킬상승	1043	1	0 	0 	0 	0 	0 	0 	0 	0 	0 		//													
//	401	44	숙련도2계열스킬상승	1044	1	0 	0 	0 	0 	0 	0 	0 	0 	0 		//													
//	401	45	패시브계열 스킬상승	1045	1	0 	0 	0 	0 	0 	0 	0 	0 	0 		//													
//	401	46	습득돈증가	1046	1	0 	0 	0 	0 	0 	0 	0 	0 	0 		//													
//	401	47	습득경험치증가	1047	1	0 	0 	0 	0 	0 	0 	0 	0 	0 		//													
//	401	48	데미지감소	1048	1	0 	0 	0 	0 	0 	0 	0 	0 	0 		//													
//	401	49	모든스탯추가	1049	1	0 	0 	0 	0 	0 	0 	0 	0 	0 		//													
//부츠																													
	501	1	전체공격속도추가	11224	1	0 	0 	0 	0 	0 	0 	0 	0 	0 		//	0 		2										
	501	2	전체공격성공율추가율	11218	1	0 	0 	0 	0 	0 	0 	0 	0 	0 		//	0 		2										
	501	3	마법속성공격력(불)추가	11210	1	0 	0 	0 	0 	0 	0 	0 	0 	0 		//	0 		1										
	501	4	마법속성공격력(물)추가	11207	1	0 	0 	0 	0 	0 	0 	0 	0 	0 		//	0 		1										
	501	5	마법속성공격력(대지)추가	11209	1	0 	0 	0 	0 	0 	0 	0 	0 	0 		//	0 		1										
	501	6	마법속성공격력(바람)추가	11208	1	0 	0 	0 	0 	0 	0 	0 	0 	0 		//	0 		1										
	501	7	마법속성공격력(암흑)추가	11211	1	0 	0 	0 	0 	0 	0 	0 	0 	0 		//	0 		1										
	501	8	공격대상물리방어력감소	11252	5	0 	0 	0 	0 	0 	0 	0 	0 	0 		//	0 		3										
	501	9	공격대상마법속성저항(불)감소	11253	5	0 	0 	0 	0 	0 	0 	0 	0 	0 		//	0 		3										
	501	10	공격대상마법속성저항(물)감소	11254	5	0 	0 	0 	0 	0 	0 	0 	0 	0 		//	0 		3										
	501	11	공격대상마법속성저항(대지)감소	11255	5	0 	0 	0 	0 	0 	0 	0 	0 	0 		//	0 		3										
	501	12	공격대상마법속성저항(바람)감소	11256	5	0 	0 	0 	0 	0 	0 	0 	0 	0 		//	0 		3										
	501	13	공격대상마법속성저항(암흑)감소	11257	5	0 	0 	0 	0 	0 	0 	0 	0 	0 		//	0 		3										
	501	14	이동속도추가	11258	1	0 	0 	0 	0 	0 	0 	0 	0 	0 		//	0 		1										
	501	15	전체블럭율추가율	11219	1	0 	0 	0 	0 	0 	0 	0 	0 	0 		//	0 		0.5										
	501	16	마법속성저항(불)추가	11204	1	3 	0 	4 	0 	6 	0 	10 	0 	17 		//	40 		3	0.3	0	0.6	0	1.2	0	2.4	0	4.8	3
	501	17	마법속성저항(물)추가	11201	1	3 	0 	4 	0 	6 	0 	10 	0 	17 		//	40 		3	0.3	0	0.6	0	1.2	0	2.4	0	4.8	3
	501	18	마법속성저항(대지)추가	11203	1	0 	4 	0 	6 	0 	10 	0 	17 	0 		//	37 		3	0	0.6	0	1.2	0	2.4	0	4.8	0	3
	501	19	마법속성저항(바람)추가	11202	1	0 	4 	0 	6 	0 	10 	0 	17 	0 		//	37 		3	0	0.6	0	1.2	0	2.4	0	4.8	0	3
	501	20	마법속성저항(암흑)추가	11205	1	0 	4 	0 	6 	0 	10 	0 	17 	0 		//	37 		3	0	0.6	0	1.2	0	2.4	0	4.8	0	3
	501	21	옵션전체공격력추가	11229	1	0 	0 	0 	0 	0 	0 	0 	0 	0 		//	0 		0	0	0.6	0	1.2	0	2.4	0	4.8	0	2
	501	22	옵션전체방어력추가	11228	1	0 	0 	0 	0 	0 	0 	0 	0 	0 		//	0 		0	0.3	0	0.6	0	1.2	0	2.4	0	4.8	3
	501	23	힘추가	11213	1	0 	2 	0 	2 	0 	3 	0 	3 	0 		//	10 		1	0	0.25	0	0.5	0	1	0	1.5	0	2
	501	24	민첩추가	11214	1	0 	2 	0 	2 	0 	3 	0 	3 	0 		//	10 		1	0	0.25	0	0.5	0	1	0	1.5	0	2
	501	25	지력추가	11215	1	0 	2 	0 	2 	0 	3 	0 	3 	0 		//	10 		1	0	0.25	0	0.5	0	1	0	1.5	0	2
	501	26	체력추가	11216	1	2 	0 	2 	0 	2 	0 	3 	0 	3 		//	12 		1	0.125	0	0.25	0	0.5	0	1	0	1.5	2
	501	27	정신력추가	11217	1	2 	0 	2 	0 	2 	0 	3 	0 	3 		//	12 		1	0.125	0	0.25	0	0.5	0	1	0	1.5	2
	501	28	최대HP추가	11225	1	20 	0 	25 	0 	30 	0 	35 	0 	40 		//	150 		10	0.2	0	0.7	0	1.2	0	1.7	0	2.2	18
	501	29	최대MP/SP추가	11226	1	20 	0 	25 	0 	30 	0 	35 	0 	40 		//	150 		10	0.2	0	0.7	0	1.2	0	1.7	0	2.2	18
	501	30	스킬공격력	11260	1	0 	0 	0 	0 	0 	0 	0 	0 	0 		//	0 		1										
	501	31	스킬데미지추가율	11261	5	0 	0 	0 	0 	0 	0 	0 	0 	0 		//	0 		1										
//	501	32	이상상태지속시간상승	1032	1	0 	0 	0 	0 	0 	0 	0 	0 	0 		//													
//	501	33	이상상태방지	1033	1	0 	0 	0 	0 	0 	0 	0 	0 	0 		//													
//	501	34	몬스터사망HP흡수	1034	1	0 	0 	0 	0 	0 	0 	0 	0 	0 		//													
//	501	35	몬스터사망MP/SP흡수	1035	1	0 	0 	0 	0 	0 	0 	0 	0 	0 		//													
//	501	36	HP회복속도상승	1036	1	0 	0 	0 	3 	0 	4 	5 	0 	6 		//													
//	501	37	MP회복속도상승	1037	1	0 	0 	0 	3 	0 	4 	5 	0 	6 		//													
//	501	38	크리티컬확률상승	1038	1	0 	0 	0 	0 	0 	0 	0 	0 	0 		//													
//	501	39	데미지반사	1039	1	0 	0 	0 	2 	3 	4 	5 	6 	7 		//													
//	501	40	HP흡수	1040	1	0 	0 	0 	0 	0 	0 	0 	0 	0 		//													
//	501	41	숙련도1상승	1041	1	0 	0 	0 	0 	0 	0 	0 	0 	0 		//													
//	501	42	숙련도2상승	1042	1	0 	0 	0 	0 	0 	0 	0 	0 	0 		//													
//	501	43	숙련도1계열스킬상승	1043	1	0 	0 	0 	0 	0 	0 	0 	0 	0 		//													
//	501	44	숙련도2계열스킬상승	1044	1	0 	0 	0 	0 	0 	0 	0 	0 	0 		//													
//	501	45	패시브계열 스킬상승	1045	1	0 	0 	0 	0 	0 	0 	0 	0 	0 		//													
//	501	46	습득돈증가	1046	1	0 	0 	0 	0 	0 	0 	0 	0 	0 		//													
//	501	47	습득경험치증가	1047	1	0 	0 	0 	0 	0 	0 	0 	0 	0 		//													
//	501	48	데미지감소	1048	1	0 	0 	0 	0 	0 	0 	0 	0 	0 		//													
//	501	49	모든스탯추가	1049	1	0 	0 	0 	0 	0 	0 	0 	0 	0 		//													
//장갑																													
	601	1	전체공격속도추가	11224	1	0 	0 	0 	0 	0 	0 	0 	0 	0 		//	0 		2										
	601	2	전체공격성공율추가율	11218	1	0 	0 	0 	0 	0 	0 	0 	0 	0 		//	0 		2										
	601	3	마법속성공격력(불)추가	11210	1	0 	0 	0 	0 	0 	0 	0 	0 	0 		//	0 		1										
	601	4	마법속성공격력(물)추가	11207	1	0 	0 	0 	0 	0 	0 	0 	0 	0 		//	0 		1										
	601	5	마법속성공격력(대지)추가	11209	1	0 	0 	0 	0 	0 	0 	0 	0 	0 		//	0 		1										
	601	6	마법속성공격력(바람)추가	11208	1	0 	0 	0 	0 	0 	0 	0 	0 	0 		//	0 		1										
	601	7	마법속성공격력(암흑)추가	11211	1	0 	0 	0 	0 	0 	0 	0 	0 	0 		//	0 		1										
	601	8	공격대상물리방어력감소	11252	5	0 	0 	0 	0 	0 	0 	0 	0 	0 		//	0 		3										
	601	9	공격대상마법속성저항(불)감소	11253	5	0 	0 	0 	0 	0 	0 	0 	0 	0 		//	0 		3										
	601	10	공격대상마법속성저항(물)감소	11254	5	0 	0 	0 	0 	0 	0 	0 	0 	0 		//	0 		3										
	601	11	공격대상마법속성저항(대지)감소	11255	5	0 	0 	0 	0 	0 	0 	0 	0 	0 		//	0 		3										
	601	12	공격대상마법속성저항(바람)감소	11256	5	0 	0 	0 	0 	0 	0 	0 	0 	0 		//	0 		3										
	601	13	공격대상마법속성저항(암흑)감소	11257	5	0 	0 	0 	0 	0 	0 	0 	0 	0 		//	0 		3										
	601	14	이동속도추가	11258	1	0 	0 	0 	0 	0 	0 	0 	0 	0 		//	0 		1										
	601	15	전체블럭율추가율	11219	1	0 	0 	0 	0 	0 	0 	0 	0 	0 		//	0 		0.5										
	601	16	마법속성저항(불)추가	11204	1	3 	0 	4 	0 	6 	0 	10 	0 	17 		//	40 		3	0.3	0	0.6	0	1.2	0	2.4	0	4.8	3
	601	17	마법속성저항(물)추가	11201	1	3 	0 	4 	0 	6 	0 	10 	0 	17 		//	40 		3	0.3	0	0.6	0	1.2	0	2.4	0	4.8	3
	601	18	마법속성저항(대지)추가	11203	1	0 	4 	0 	6 	0 	10 	0 	17 	0 		//	37 		3	0	0.6	0	1.2	0	2.4	0	4.8	0	3
	601	19	마법속성저항(바람)추가	11202	1	0 	4 	0 	6 	0 	10 	0 	17 	0 		//	37 		3	0	0.6	0	1.2	0	2.4	0	4.8	0	3
	601	20	마법속성저항(암흑)추가	11205	1	0 	4 	0 	6 	0 	10 	0 	17 	0 		//	37 		3	0	0.6	0	1.2	0	2.4	0	4.8	0	3
	601	21	옵션전체공격력추가	11229	1	0 	0 	0 	0 	0 	0 	0 	0 	0 		//	0 		0	0	0.6	0	1.2	0	2.4	0	4.8	0	2
	601	22	옵션전체방어력추가	11228	1	0 	0 	0 	0 	0 	0 	0 	0 	0 		//	0 		0	0.3	0	0.6	0	1.2	0	2.4	0	4.8	3
	601	23	힘추가	11213	1	0 	2 	0 	2 	0 	3 	0 	3 	0 		//	10 		1	0	0.25	0	0.5	0	1	0	1.5	0	2
	601	24	민첩추가	11214	1	0 	2 	0 	2 	0 	3 	0 	3 	0 		//	10 		1	0	0.25	0	0.5	0	1	0	1.5	0	2
	601	25	지력추가	11215	1	0 	2 	0 	2 	0 	3 	0 	3 	0 		//	10 		1	0	0.25	0	0.5	0	1	0	1.5	0	2
	601	26	체력추가	11216	1	2 	0 	2 	0 	2 	0 	3 	0 	3 		//	12 		1	0.125	0	0.25	0	0.5	0	1	0	1.5	2
	601	27	정신력추가	11217	1	2 	0 	2 	0 	2 	0 	3 	0 	3 		//	12 		1	0.125	0	0.25	0	0.5	0	1	0	1.5	2
	601	28	최대HP추가	11225	1	20 	0 	25 	0 	30 	0 	35 	0 	40 		//	150 		10	0.2	0	0.7	0	1.2	0	1.7	0	2.2	18
	601	29	최대MP/SP추가	11226	1	20 	0 	25 	0 	30 	0 	35 	0 	40 		//	150 		10	0.2	0	0.7	0	1.2	0	1.7	0	2.2	18
	601	30	스킬공격력	11260	1	0 	0 	0 	0 	0 	0 	0 	0 	0 		//	0 		1										
	601	31	스킬데미지추가율	11261	5	0 	0 	0 	0 	0 	0 	0 	0 	0 		//	0 		1										
//	601	32	이상상태지속시간상승	1032	1	0 	0 	0 	0 	0 	0 	0 	0 	0 		//													
//	601	33	이상상태방지	1033	1	0 	0 	0 	0 	0 	0 	0 	0 	0 		//													
//	601	34	몬스터사망HP흡수	1034	1	0 	0 	0 	0 	0 	0 	0 	0 	0 		//													
//	601	35	몬스터사망MP/SP흡수	1035	1	0 	0 	0 	0 	0 	0 	0 	0 	0 		//													
//	601	36	HP회복속도상승	1036	1	0 	0 	0 	3 	0 	4 	5 	0 	6 		//													
//	601	37	MP회복속도상승	1037	1	0 	0 	0 	3 	0 	4 	5 	0 	6 		//													
//	601	38	크리티컬확률상승	1038	1	0 	0 	0 	0 	0 	0 	0 	0 	0 		//													
//	601	39	데미지반사	1039	1	0 	0 	0 	2 	3 	4 	5 	6 	7 		//													
//	601	40	HP흡수	1040	1	0 	0 	0 	0 	0 	0 	0 	0 	0 		//													
//	601	41	숙련도1상승	1041	1	0 	0 	0 	0 	0 	0 	0 	0 	0 		//													
//	601	42	숙련도2상승	1042	1	0 	0 	0 	0 	0 	0 	0 	0 	0 		//													
//	601	43	숙련도1계열스킬상승	1043	1	0 	0 	0 	0 	0 	0 	0 	0 	0 		//													
//	601	44	숙련도2계열스킬상승	1044	1	0 	0 	0 	0 	0 	0 	0 	0 	0 		//													
//	601	45	패시브계열 스킬상승	1045	1	0 	0 	0 	0 	0 	0 	0 	0 	0 		//													
//	601	46	습득돈증가	1046	1	0 	0 	0 	0 	0 	0 	0 	0 	0 		//													
//	601	47	습득경험치증가	1047	1	0 	0 	0 	0 	0 	0 	0 	0 	0 		//													
//	601	48	데미지감소	1048	1	0 	0 	0 	0 	0 	0 	0 	0 	0 		//													
//	601	49	모든스탯추가	1049	1	0 	0 	0 	0 	0 	0 	0 	0 	0 		//													
//벨트																													
	701	1	전체공격속도추가	11224	1	0 	0 	0 	0 	0 	0 	0 	0 	0 		//	0 		2										
	701	2	전체공격성공율추가율	11218	1	0 	0 	0 	0 	0 	0 	0 	0 	0 		//	0 		2										
	701	3	마법속성공격력(불)추가	11210	1	0 	0 	0 	0 	0 	0 	0 	0 	0 		//	0 		1										
	701	4	마법속성공격력(물)추가	11207	1	0 	0 	0 	0 	0 	0 	0 	0 	0 		//	0 		1										
	701	5	마법속성공격력(대지)추가	11209	1	0 	0 	0 	0 	0 	0 	0 	0 	0 		//	0 		1										
	701	6	마법속성공격력(바람)추가	11208	1	0 	0 	0 	0 	0 	0 	0 	0 	0 		//	0 		1										
	701	7	마법속성공격력(암흑)추가	11211	1	0 	0 	0 	0 	0 	0 	0 	0 	0 		//	0 		1										
	701	8	공격대상물리방어력감소	11252	5	0 	0 	0 	0 	0 	0 	0 	0 	0 		//	0 		3										
	701	9	공격대상마법속성저항(불)감소	11253	5	0 	0 	0 	0 	0 	0 	0 	0 	0 		//	0 		3										
	701	10	공격대상마법속성저항(물)감소	11254	5	0 	0 	0 	0 	0 	0 	0 	0 	0 		//	0 		3										
	701	11	공격대상마법속성저항(대지)감소	11255	5	0 	0 	0 	0 	0 	0 	0 	0 	0 		//	0 		3										
	701	12	공격대상마법속성저항(바람)감소	11256	5	0 	0 	0 	0 	0 	0 	0 	0 	0 		//	0 		3										
	701	13	공격대상마법속성저항(암흑)감소	11257	5	0 	0 	0 	0 	0 	0 	0 	0 	0 		//	0 		3										
	701	14	이동속도추가	11258	1	0 	0 	0 	0 	0 	0 	0 	0 	0 		//	0 		1										
	701	15	전체블럭율추가율	11219	1	0 	0 	0 	0 	0 	0 	0 	0 	0 		//	0 		0.5										
	701	16	마법속성저항(불)추가	11204	1	3 	0 	4 	0 	6 	0 	10 	0 	17 		//	40 		3	0.3	0	0.6	0	1.2	0	2.4	0	4.8	3
	701	17	마법속성저항(물)추가	11201	1	3 	0 	4 	0 	6 	0 	10 	0 	17 		//	40 		3	0.3	0	0.6	0	1.2	0	2.4	0	4.8	3
	701	18	마법속성저항(대지)추가	11203	1	0 	4 	0 	6 	0 	10 	0 	17 	0 		//	37 		3	0	0.6	0	1.2	0	2.4	0	4.8	0	3
	701	19	마법속성저항(바람)추가	11202	1	0 	4 	0 	6 	0 	10 	0 	17 	0 		//	37 		3	0	0.6	0	1.2	0	2.4	0	4.8	0	3
	701	20	마법속성저항(암흑)추가	11205	1	0 	4 	0 	6 	0 	10 	0 	17 	0 		//	37 		3	0	0.6	0	1.2	0	2.4	0	4.8	0	3
	701	21	옵션전체공격력추가	11229	1	0 	0 	0 	0 	0 	0 	0 	0 	0 		//	0 		0	0	0.6	0	1.2	0	2.4	0	4.8	0	2
	701	22	옵션전체방어력추가	11228	1	0 	0 	0 	0 	0 	0 	0 	0 	0 		//	0 		0	0.3	0	0.6	0	1.2	0	2.4	0	4.8	3
	701	23	힘추가	11213	1	0 	2 	0 	2 	0 	3 	0 	3 	0 		//	10 		1	0	0.25	0	0.5	0	1	0	1.5	0	2
	701	24	민첩추가	11214	1	0 	2 	0 	2 	0 	3 	0 	3 	0 		//	10 		1	0	0.25	0	0.5	0	1	0	1.5	0	2
	701	25	지력추가	11215	1	0 	2 	0 	2 	0 	3 	0 	3 	0 		//	10 		1	0	0.25	0	0.5	0	1	0	1.5	0	2
	701	26	체력추가	11216	1	2 	0 	2 	0 	2 	0 	3 	0 	3 		//	12 		1	0.125	0	0.25	0	0.5	0	1	0	1.5	2
	701	27	정신력추가	11217	1	2 	0 	2 	0 	2 	0 	3 	0 	3 		//	12 		1	0.125	0	0.25	0	0.5	0	1	0	1.5	2
	701	28	최대HP추가	11225	1	20 	0 	25 	0 	30 	0 	35 	0 	40 		//	150 		10	0.2	0	0.7	0	1.2	0	1.7	0	2.2	18
	701	29	최대MP/SP추가	11226	1	20 	0 	25 	0 	30 	0 	35 	0 	40 		//	150 		10	0.2	0	0.7	0	1.2	0	1.7	0	2.2	18
	701	30	스킬공격력	11260	1	0 	0 	0 	0 	0 	0 	0 	0 	0 		//	0 		1										
	701	31	스킬데미지추가율	11261	5	0 	0 	0 	0 	0 	0 	0 	0 	0 		//	0 		1										
//	701	32	이상상태지속시간상승	1032	1	0 	0 	0 	0 	0 	0 	0 	0 	0 		//													
//	701	33	이상상태방지	1033	1	0 	0 	0 	0 	0 	0 	0 	0 	0 		//													
//	701	34	몬스터사망HP흡수	1034	1	0 	0 	0 	0 	0 	0 	0 	0 	0 		//													
//	701	35	몬스터사망MP/SP흡수	1035	1	0 	0 	0 	0 	0 	0 	0 	0 	0 		//													
//	701	36	HP회복속도상승	1036	1	0 	0 	0 	3 	0 	4 	5 	0 	6 		//													
//	701	37	MP회복속도상승	1037	1	0 	0 	0 	3 	0 	4 	5 	0 	6 		//													
//	701	38	크리티컬확률상승	1038	1	0 	0 	0 	0 	0 	0 	0 	0 	0 		//													
//	701	39	데미지반사	1039	1	0 	0 	0 	2 	3 	4 	5 	6 	7 		//													
//	701	40	HP흡수	1040	1	0 	0 	0 	0 	0 	0 	0 	0 	0 		//													
//	701	41	숙련도1상승	1041	1	0 	0 	0 	0 	0 	0 	0 	0 	0 		//													
//	701	42	숙련도2상승	1042	1	0 	0 	0 	0 	0 	0 	0 	0 	0 		//													
//	701	43	숙련도1계열스킬상승	1043	1	0 	0 	0 	0 	0 	0 	0 	0 	0 		//													
//	701	44	숙련도2계열스킬상승	1044	1	0 	0 	0 	0 	0 	0 	0 	0 	0 		//													
//	701	45	패시브계열 스킬상승	1045	1	0 	0 	0 	0 	0 	0 	0 	0 	0 		//													
//	701	46	습득돈증가	1046	1	0 	0 	0 	0 	0 	0 	0 	0 	0 		//													
//	701	47	습득경험치증가	1047	1	0 	0 	0 	0 	0 	0 	0 	0 	0 		//													
//	701	48	데미지감소	1048	1	0 	0 	0 	0 	0 	0 	0 	0 	0 		//													
//	701	49	모든스탯추가	1049	1	0 	0 	0 	0 	0 	0 	0 	0 	0 		//													
//셔츠																													
	801	1	전체공격속도추가	11224	1	0 	0 	0 	0 	0 	0 	0 	0 	0 		//	0 		2										
	801	2	전체공격성공율추가율	11218	1	0 	0 	0 	0 	0 	0 	0 	0 	0 		//	0 		2										
	801	3	마법속성공격력(불)추가	11210	1	0 	0 	0 	0 	0 	0 	0 	0 	0 		//	0 		1										
	801	4	마법속성공격력(물)추가	11207	1	0 	0 	0 	0 	0 	0 	0 	0 	0 		//	0 		1										
	801	5	마법속성공격력(대지)추가	11209	1	0 	0 	0 	0 	0 	0 	0 	0 	0 		//	0 		1										
	801	6	마법속성공격력(바람)추가	11208	1	0 	0 	0 	0 	0 	0 	0 	0 	0 		//	0 		1										
	801	7	마법속성공격력(암흑)추가	11211	1	0 	0 	0 	0 	0 	0 	0 	0 	0 		//	0 		1										
	801	8	공격대상물리방어력감소	11252	5	0 	0 	0 	0 	0 	0 	0 	0 	0 		//	0 		3										
	801	9	공격대상마법속성저항(불)감소	11253	5	0 	0 	0 	0 	0 	0 	0 	0 	0 		//	0 		3										
	801	10	공격대상마법속성저항(물)감소	11254	5	0 	0 	0 	0 	0 	0 	0 	0 	0 		//	0 		3										
	801	11	공격대상마법속성저항(대지)감소	11255	5	0 	0 	0 	0 	0 	0 	0 	0 	0 		//	0 		3										
	801	12	공격대상마법속성저항(바람)감소	11256	5	0 	0 	0 	0 	0 	0 	0 	0 	0 		//	0 		3										
	801	13	공격대상마법속성저항(암흑)감소	11257	5	0 	0 	0 	0 	0 	0 	0 	0 	0 		//	0 		3										
	801	14	이동속도추가	11258	1	0 	0 	0 	0 	0 	0 	0 	0 	0 		//	0 		1										
	801	15	전체블럭율추가율	11219	1	0 	0 	0 	0 	0 	0 	0 	0 	0 		//	0 		0.5										
	801	16	마법속성저항(불)추가	11204	1	3 	0 	4 	0 	6 	0 	10 	0 	17 		//	40 		3	0.3	0	0.6	0	1.2	0	2.4	0	4.8	3
	801	17	마법속성저항(물)추가	11201	1	3 	0 	4 	0 	6 	0 	10 	0 	17 		//	40 		3	0.3	0	0.6	0	1.2	0	2.4	0	4.8	3
	801	18	마법속성저항(대지)추가	11203	1	0 	4 	0 	6 	0 	10 	0 	17 	0 		//	37 		3	0	0.6	0	1.2	0	2.4	0	4.8	0	3
	801	19	마법속성저항(바람)추가	11202	1	0 	4 	0 	6 	0 	10 	0 	17 	0 		//	37 		3	0	0.6	0	1.2	0	2.4	0	4.8	0	3
	801	20	마법속성저항(암흑)추가	11205	1	0 	4 	0 	6 	0 	10 	0 	17 	0 		//	37 		3	0	0.6	0	1.2	0	2.4	0	4.8	0	3
	801	21	옵션전체공격력추가	11229	1	0 	0 	0 	0 	0 	0 	0 	0 	0 		//	0 		0	0	0.6	0	1.2	0	2.4	0	4.8	0	2
	801	22	옵션전체방어력추가	11228	1	0 	0 	0 	0 	0 	0 	0 	0 	0 		//	0 		0	0.3	0	0.6	0	1.2	0	2.4	0	4.8	3
	801	23	힘추가	11213	1	0 	2 	0 	2 	0 	3 	0 	3 	0 		//	10 		1	0	0.25	0	0.5	0	1	0	1.5	0	2
	801	24	민첩추가	11214	1	0 	2 	0 	2 	0 	3 	0 	3 	0 		//	10 		1	0	0.25	0	0.5	0	1	0	1.5	0	2
	801	25	지력추가	11215	1	0 	2 	0 	2 	0 	3 	0 	3 	0 		//	10 		1	0	0.25	0	0.5	0	1	0	1.5	0	2
	801	26	체력추가	11216	1	2 	0 	2 	0 	2 	0 	3 	0 	3 		//	12 		1	0.125	0	0.25	0	0.5	0	1	0	1.5	2
	801	27	정신력추가	11217	1	2 	0 	2 	0 	2 	0 	3 	0 	3 		//	12 		1	0.125	0	0.25	0	0.5	0	1	0	1.5	2
	801	28	최대HP추가	11225	1	20 	0 	25 	0 	30 	0 	35 	0 	40 		//	150 		10	0.2	0	0.7	0	1.2	0	1.7	0	2.2	18
	801	29	최대MP/SP추가	11226	1	20 	0 	25 	0 	30 	0 	35 	0 	40 		//	150 		10	0.2	0	0.7	0	1.2	0	1.7	0	2.2	18
	801	30	스킬공격력	11260	1	0 	0 	0 	0 	0 	0 	0 	0 	0 		//	0 		1										
	801	31	스킬데미지추가율	11261	5	0 	0 	0 	0 	0 	0 	0 	0 	0 		//	0 		1										
//	801	32	이상상태지속시간상승	1032	1	0 	0 	0 	0 	0 	0 	0 	0 	0 		//													
//	801	33	이상상태방지	1033	1	0 	0 	0 	0 	0 	0 	0 	0 	0 		//													
//	801	34	몬스터사망HP흡수	1034	1	0 	0 	0 	0 	0 	0 	0 	0 	0 		//													
//	801	35	몬스터사망MP/SP흡수	1035	1	0 	0 	0 	0 	0 	0 	0 	0 	0 		//													
//	801	36	HP회복속도상승	1036	1	0 	0 	0 	3 	0 	4 	5 	0 	6 		//													
//	801	37	MP회복속도상승	1037	1	0 	0 	0 	3 	0 	4 	5 	0 	6 		//													
//	801	38	크리티컬확률상승	1038	1	0 	0 	0 	0 	0 	0 	0 	0 	0 		//													
//	801	39	데미지반사	1039	1	0 	0 	0 	2 	3 	4 	5 	6 	7 		//													
//	801	40	HP흡수	1040	1	0 	0 	0 	0 	0 	0 	0 	0 	0 		//													
//	801	41	숙련도1상승	1041	1	0 	0 	0 	0 	0 	0 	0 	0 	0 		//													
//	801	42	숙련도2상승	1042	1	0 	0 	0 	0 	0 	0 	0 	0 	0 		//													
//	801	43	숙련도1계열스킬상승	1043	1	0 	0 	0 	0 	0 	0 	0 	0 	0 		//													
//	801	44	숙련도2계열스킬상승	1044	1	0 	0 	0 	0 	0 	0 	0 	0 	0 		//													
//	801	45	패시브계열 스킬상승	1045	1	0 	0 	0 	0 	0 	0 	0 	0 	0 		//													
//	801	46	습득돈증가	1046	1	0 	0 	0 	0 	0 	0 	0 	0 	0 		//													
//	801	47	습득경험치증가	1047	1	0 	0 	0 	0 	0 	0 	0 	0 	0 		//													
//	801	48	데미지감소	1048	1	0 	0 	0 	0 	0 	0 	0 	0 	0 		//													
//	801	49	모든스탯추가	1049	1	0 	0 	0 	0 	0 	0 	0 	0 	0 		//													
//반지																		2											
	811	1	전체공격속도추가	11224	1	3 	0 	3 	0 	3 	0 	3 	0 	3 		//	15 	30	0.2	0.5	0	1	0	2	0	3	0	4	3
	811	2	전체공격성공율추가율	11218	1	3 	0 	3 	0 	3 	0 	3 	0 	3 		//	15 	30	0.2	0.5	0	1	0	2	0	3	0	4	3
	811	3	마법속성공격력(불)추가	11210	1	0 	0 	0 	0 	0 	0 	0 	0 	0 		//	0 	0	0	0	1	0	2	0	4	0	6	0	2
	811	4	마법속성공격력(물)추가	11207	1	0 	0 	0 	0 	0 	0 	0 	0 	0 		//	0 	0	0	0	1	0	2	0	4	0	6	0	2
	811	5	마법속성공격력(대지)추가	11209	1	0 	0 	0 	0 	0 	0 	0 	0 	0 		//	0 	0	0	0	1	0	2	0	4	0	6	0	2
	811	6	마법속성공격력(바람)추가	11208	1	0 	0 	0 	0 	0 	0 	0 	0 	0 		//	0 	0	0	0	1	0	2	0	4	0	6	0	2
	811	7	마법속성공격력(암흑)추가	11211	1	0 	0 	0 	0 	0 	0 	0 	0 	0 		//	0 	0	0	0	1	0	2	0	4	0	6	0	2
	811	8	공격대상물리방어력감소	11252	5	5 	0 	6 	0 	8 	0 	12 	0 	20 		//	51 	102	2	0.5	0	1	0	2	0	4	0	8	4
	811	9	공격대상마법속성저항(불)감소	11253	5	0 	0 	0 	0 	0 	0 	0 	0 	0 		//	0 	0	0	0.5	0	1	0	2	0	4	0	8	4
	811	10	공격대상마법속성저항(물)감소	11254	5	0 	0 	0 	0 	0 	0 	0 	0 	0 		//	0 	0	0	0.5	0	1	0	2	0	4	0	8	4
	811	11	공격대상마법속성저항(대지)감소	11255	5	0 	0 	0 	0 	0 	0 	0 	0 	0 		//	0 	0	0	0.5	0	1	0	2	0	4	0	8	4
	811	12	공격대상마법속성저항(바람)감소	11256	5	0 	0 	0 	0 	0 	0 	0 	0 	0 		//	0 	0	0	0.5	0	1	0	2	0	4	0	8	4
	811	13	공격대상마법속성저항(암흑)감소	11257	5	0 	0 	0 	0 	0 	0 	0 	0 	0 		//	0 	0	0	0.5	0	1	0	2	0	4	0	8	4
	811	14	이동속도추가	11258	1	0 	5 	0 	6 	0 	7 	0 	7 	0 		//	25 	50	0.5	0	1	0	2	0	4	0	5	0	5
	811	15	전체블럭율추가율	11219	1	0 	0 	0 	0 	0 	0 	0 	0 	0 		//	0 	0	0.5										
	811	16	마법속성저항(불)추가	11204	1	0 	0 	0 	0 	0 	0 	0 	0 	0 		//	0 	0	3										
	811	17	마법속성저항(물)추가	11201	1	0 	0 	0 	0 	0 	0 	0 	0 	0 		//	0 	0	3										
	811	18	마법속성저항(대지)추가	11203	1	0 	0 	0 	0 	0 	0 	0 	0 	0 		//	0 	0	3										
	811	19	마법속성저항(바람)추가	11202	1	0 	0 	0 	0 	0 	0 	0 	0 	0 		//	0 	0	3										
	811	20	마법속성저항(암흑)추가	11205	1	0 	0 	0 	0 	0 	0 	0 	0 	0 		//	0 	0	3										
	811	21	옵션전체공격력추가	11229	1	0 	0 	0 	0 	0 	0 	0 	0 	0 		//	0 	0	1										
	811	22	옵션전체방어력추가	11228	1	0 	0 	0 	0 	0 	0 	0 	0 	0 		//	0 	0	2										
	811	23	힘추가	11213	1	0 	3 	0 	5 	0 	9 	0 	13 	0 		//	30 	60	2	0	1	0	2	0	4	0	6	0	1
	811	24	민첩추가	11214	1	0 	3 	0 	5 	0 	9 	0 	13 	0 		//	30 	60	2	0	1	0	2	0	4	0	6	0	1
	811	25	지력추가	11215	1	0 	3 	0 	5 	0 	9 	0 	13 	0 		//	30 	60	2	0	1	0	2	0	4	0	6	0	1
	811	26	체력추가	11216	1	3 	0 	5 	0 	7 	0 	9 	0 	13 		//	37 	74	2	1	0	2	0	3	0	4	0	6	1
	811	27	정신력추가	11217	1	3 	0 	5 	0 	7 	0 	9 	0 	13 		//	37 	74	2	1	0	2	0	3	0	4	0	6	1
	811	28	최대HP추가	11225	1	20 	0 	25 	0 	40 	0 	45 	0 	60 		//	190 	380	10	1	0	1.5	0	3	0	3.5	0	5	10
	811	29	최대MP/SP추가	11226	1	20 	0 	25 	0 	40 	0 	45 	0 	60 		//	190 	380	10	1	0	1.5	0	3	0	3.5	0	5	10
	811	30	스킬공격력	11260	1	0 	0 	0 	0 	0 	0 	0 	0 	0 		//	0 	0	1										
	811	31	스킬데미지추가율	11261	5	0 	0 	0 	0 	0 	0 	0 	0 	0 		//	0 	0	1										
//	811	32	이상상태지속시간상승	1032	1	0 	0 	0 	0 	0 	0 	0 	0 	0 		//													
//	811	33	이상상태방지	1033	1	0 	0 	0 	0 	0 	0 	0 	0 	0 		//													
//	811	34	몬스터사망HP흡수	1034	1	0 	0 	0 	3 	0 	4 	5 	0 	6 		//													
//	811	35	몬스터사망MP/SP흡수	1035	1	0 	0 	0 	3 	0 	4 	5 	0 	6 		//													
//	811	36	HP회복속도상승	1036	1	0 	1 	0 	2 	0 	3 	0 	4 	0 		//													
//	811	37	MP회복속도상승	1037	1	0 	0 	0 	0 	0 	0 	0 	0 	0 		//													
//	811	38	크리티컬확률상승	1038	1	0 	0 	0 	0 	1 	0 	2 	0 	3 		//													
//	811	39	데미지반사	1039	1	0 	0 	0 	0 	0 	0 	0 	0 	0 		//													
//	811	40	HP흡수	1040	1	0 	0 	0 	2 	3 	4 	5 	6 	7 		//													
//	811	41	숙련도1상승	1041	1	1 	0 	2 	0 	3 	0 	4 	0 	5 		//													
//	811	42	숙련도2상승	1042	1	1 	0 	2 	0 	3 	0 	4 	0 	5 		//													
//	811	43	숙련도1계열스킬상승	1043	1	0 	0 	0 	0 	0 	0 	0 	0 	0 		//													
//	811	44	숙련도2계열스킬상승	1044	1	0 	0 	0 	0 	0 	0 	0 	0 	0 		//													
//	811	45	패시브계열 스킬상승	1045	1	0 	0 	0 	0 	0 	0 	0 	0 	0 		//													
//	811	46	습득돈증가	1046	1	0 	0 	0 	0 	0 	0 	0 	0 	0 		//													
//	811	47	습득경험치증가	1047	1	0 	0 	0 	0 	0 	0 	0 	0 	0 		//													
//	811	48	데미지감소	1048	1	0 	0 	0 	0 	0 	0 	0 	0 	0 		//													
//	811	49	모든스탯추가	1049	1	0 	0 	0 	0 	0 	0 	2 	3 	4 		//													
//목걸이																													
	821	1	전체공격속도추가	11224	1	5 	0 	6 	0 	7 	0 	8 	0 	9 		//			2										
	821	2	전체공격성공율추가율	11218	1	5 	0 	6 	0 	7 	0 	8 	0 	9 		//			2										
	821	3	마법속성공격력(불)추가	11210	1	0 	0 	0 	0 	0 	0 	0 	0 	0 		//	0 		1	1	0	2	0	4	0	8	0	12	3
	821	4	마법속성공격력(물)추가	11207	1	0 	0 	0 	0 	0 	0 	0 	0 	0 		//	0 		1	1	0	2	0	4	0	8	0	12	3
	821	5	마법속성공격력(대지)추가	11209	1	0 	0 	0 	0 	0 	0 	0 	0 	0 		//	0 		1	1	0	2	0	4	0	8	0	12	3
	821	6	마법속성공격력(바람)추가	11208	1	0 	0 	0 	0 	0 	0 	0 	0 	0 		//	0 		1	1	0	2	0	4	0	8	0	12	3
	821	7	마법속성공격력(암흑)추가	11211	1	0 	0 	0 	0 	0 	0 	0 	0 	0 		//	0 		1	1	0	2	0	4	0	8	0	12	3
	821	8	공격대상물리방어력감소	11252	5	7 	0 	9 	0 	12 	0 	16 	0 	22 		//	66 		3										
	821	9	공격대상마법속성저항(불)감소	11253	5	0 	0 	0 	0 	0 	0 	0 	0 	0 		//	0 		3										
	821	10	공격대상마법속성저항(물)감소	11254	5	0 	0 	0 	0 	0 	0 	0 	0 	0 		//	0 		3										
	821	11	공격대상마법속성저항(대지)감소	11255	5	0 	0 	0 	0 	0 	0 	0 	0 	0 		//	0 		3										
	821	12	공격대상마법속성저항(바람)감소	11256	5	0 	0 	0 	0 	0 	0 	0 	0 	0 		//	0 		3										
	821	13	공격대상마법속성저항(암흑)감소	11257	5	0 	0 	0 	0 	0 	0 	0 	0 	0 		//	0 		3										
	821	14	이동속도추가	11258	1	0 	7 	0 	8 	0 	9 	0 	10 	0 		//	34 		1										
	821	15	전체블럭율추가율	11219	1	0 	0 	0 	0 	0 	0 	0 	0 	0 		//	0 		0.5	0	2	0	4	0	8	0	12	0	1
	821	16	마법속성저항(불)추가	11204	1	0 	0 	0 	0 	0 	0 	0 	0 	0 		//	0 		0	0	2	0	4	0	8	0	12	0	0
	821	17	마법속성저항(물)추가	11201	1	0 	0 	0 	0 	0 	0 	0 	0 	0 		//	0 		0	0	2	0	4	0	8	0	12	0	0
	821	18	마법속성저항(대지)추가	11203	1	0 	0 	0 	0 	0 	0 	0 	0 	0 		//	0 		0	0	2	0	4	0	8	0	12	0	0
	821	19	마법속성저항(바람)추가	11202	1	0 	0 	0 	0 	0 	0 	0 	0 	0 		//	0 		0	0	2	0	4	0	8	0	12	0	0
	821	20	마법속성저항(암흑)추가	11205	1	0 	0 	0 	0 	0 	0 	0 	0 	0 		//	0 		0	0	2	0	4	0	8	0	12	0	0
	821	21	옵션전체공격력추가	11229	1	0 	0 	0 	0 	0 	0 	0 	0 	0 		//	0 		1	1	0	2	0	4	0	8	0	12	3
	821	22	옵션전체방어력추가	11228	1	0 	0 	0 	0 	0 	0 	0 	0 	0 		//	0 		1.5	0	2	0	4	0	8	0	12	0	3
	821	23	힘추가	11213	1	0 	4 	0 	6 	0 	9 	0 	13 	0 		//	32 		0	0	2	0	4	0	8	0	12	0	0
	821	24	민첩추가	11214	1	0 	4 	0 	6 	0 	9 	0 	13 	0 		//	32 		0	0	2	0	4	0	8	0	12	0	0
	821	25	지력추가	11215	1	0 	4 	0 	6 	0 	9 	0 	13 	0 		//	32 		0	0	2	0	4	0	8	0	12	0	0
	821	26	체력추가	11216	1	4 	0 	6 	0 	9 	0 	13 	0 	17 		//	49 		0	1	0	2	0	4	0	8	0	12	0
	821	27	정신력추가	11217	1	4 	0 	6 	0 	9 	0 	13 	0 	17 		//	49 		0	1	0	2	0	4	0	8	0	12	0
	821	28	최대HP추가	11225	1	30 	0 	40 	0 	55 	0 	65 	0 	90 		//	280 		10										
	821	29	최대MP/SP추가	11226	1	20 	0 	25 	0 	40 	0 	55 	0 	75 		//	215 		10										
	821	30	스킬공격력	11260	1	0 	0 	0 	0 	0 	0 	0 	0 	0 		//	0 		3	1	0	2	0	4	0	8	0	12	7
	821	31	스킬데미지추가율	11261	5	0 	0 	0 	0 	0 	0 	0 	0 	0 		//	0 		0.5	0	2	0	3	0	4	0	6	0	4
//	821	32	이상상태지속시간상승	1032	1	0 	0 	0 	0 	0 	0 	0 	0 	0 		//													
//	821	33	이상상태방지	1033	1	0 	0 	0 	0 	0 	0 	0 	0 	0 		//													
//	821	34	몬스터사망HP흡수	1034	1	0 	0 	0 	0 	0 	0 	0 	0 	0 		//													
//	821	35	몬스터사망MP/SP흡수	1035	1	0 	0 	0 	0 	0 	0 	0 	0 	0 		//													
//	821	36	HP회복속도상승	1036	1	0 	0 	0 	3 	0 	4 	5 	0 	6 		//													
//	821	37	MP회복속도상승	1037	1	0 	0 	0 	3 	0 	4 	5 	0 	6 		//													
//	821	38	크리티컬확률상승	1038	1	0 	0 	0 	0 	0 	0 	0 	0 	0 		//													
//	821	39	데미지반사	1039	1	0 	0 	0 	2 	3 	4 	5 	6 	7 		//													
//	821	40	HP흡수	1040	1	0 	0 	0 	0 	0 	0 	0 	0 	0 		//													
//	821	41	숙련도1상승	1041	1	0 	0 	0 	0 	0 	0 	0 	0 	0 		//													
//	821	42	숙련도2상승	1042	1	0 	0 	0 	0 	0 	0 	0 	0 	0 		//													
//	821	43	숙련도1계열스킬상승	1043	1	0 	0 	0 	0 	0 	0 	0 	0 	0 		//													
//	821	44	숙련도2계열스킬상승	1044	1	0 	0 	0 	0 	0 	0 	0 	0 	0 		//													
//	821	45	패시브계열 스킬상승	1045	1	0 	0 	0 	0 	0 	0 	0 	0 	0 		//													
//	821	46	습득돈증가	1046	1	0 	0 	0 	0 	0 	0 	0 	0 	0 		//													
//	821	47	습득경험치증가	1047	1	0 	0 	0 	0 	0 	0 	0 	0 	0 		//													
//	821	48	데미지감소	1048	1	0 	0 	0 	0 	0 	0 	0 	0 	0 		//													
//	821	49	모든스탯추가	1049	1	0 	0 	0 	0 	0 	0 	0 	0 	0 		//													
//버서커특수액세서리																													
//	831	1	전체공격속도추가	11224	1	2 	0 	3 	0 	4 	0 	5 	0 	6 															
//	831	2	전체공격성공율추가율	11218	1	2 	0 	4 	0 	6 	0 	8 	0 	10 															
//	831	3	마법속성공격력(불)추가	11210	1	2 	0 	3 	0 	4 	0 	5 	0 	6 															
//	831	4	마법속성공격력(물)추가	11207	1	0 	2 	0 	4 	0 	6 	0 	8 	0 															
//	831	5	마법속성공격력(대지)추가	11209	1	0 	2 	0 	4 	0 	6 	0 	8 	0 															
//	831	6	마법속성공격력(바람)추가	11208	1	0 	2 	0 	4 	0 	6 	0 	8 	0 															
//	831	7	마법속성공격력(암흑)추가	11211	1	0 	2 	0 	4 	0 	6 	0 	8 	0 															
//	831	8	공격대상물리방어력감소	11252	5	0 	2 	0 	4 	0 	6 	0 	8 	0 															
//	831	9	공격대상마법속성저항(불)감소	11253	5	2 	0 	4 	0 	6 	0 	8 	0 	10 															
//	831	10	공격대상마법속성저항(물)감소	11254	5	0 	2 	0 	4 	0 	6 	0 	8 	0 															
//	831	11	공격대상마법속성저항(대지)감소	11255	5	0 	2 	0 	4 	0 	6 	0 	8 	0 															
//	831	12	공격대상마법속성저항(바람)감소	11256	5	0 	2 	0 	4 	0 	6 	0 	8 	0 															
//	831	13	공격대상마법속성저항(암흑)감소	11257	5	0 	2 	0 	4 	0 	6 	0 	8 	0 															
//	831	14	이동속도추가	11258	1	0 	2 	0 	4 	0 	6 	0 	8 	0 															
//	831	15	전체블럭율추가율	11219	1	0 	0 	0 	0 	0 	0 	0 	0 	0 															
//	831	16	마법속성저항(불)추가	11204	1	0 	0 	0 	0 	0 	0 	0 	0 	0 															
//	831	17	마법속성저항(물)추가	11201	1	0 	0 	0 	0 	0 	0 	0 	0 	0 															
//	831	18	마법속성저항(대지)추가	11203	1	0 	0 	0 	0 	0 	0 	0 	0 	0 															
//	831	19	마법속성저항(바람)추가	11202	1	0 	0 	0 	0 	0 	0 	0 	0 	0 															
//	831	20	마법속성저항(암흑)추가	11205	1	0 	0 	0 	0 	0 	0 	0 	0 	0 															
//	831	21	옵션전체공격력추가	11229	1	0 	0 	0 	0 	0 	0 	0 	0 	0 															
//	831	22	옵션전체방어력추가	11228	1	0 	0 	0 	0 	0 	0 	0 	0 	0 															
//	831	23	힘추가	11213	1	2 	0 	3 	0 	4 	0 	5 	0 	6 															
//	831	24	민첩추가	11214	1	0 	0 	0 	0 	0 	0 	0 	0 	0 															
//	831	25	지력추가	11215	1	0 	1 	0 	2 	0 	3 	0 	4 	0 															
//	831	26	체력추가	11216	1	0 	1 	0 	2 	0 	3 	0 	4 	0 															
//	831	27	정신력추가	11217	1	0 	1 	0 	2 	0 	3 	0 	4 	0 															
//	831	28	최대HP추가	11225	1	0 	0 	0 	0 	0 	0 	0 	0 	0 															
//	831	29	최대MP/SP추가	11226	1	0 	0 	0 	0 	0 	0 	0 	0 	0 															
//	831	30	스킬공격력	11260	1	0 	0 	0 	0 	0 	0 	0 	0 	0 															
//	831	31	스킬데미지추가율	11261	5	0 	0 	0 	0 	0 	0 	0 	0 	0 															
//	831	32	이상상태지속시간상승	1032	1	0 	0 	0 	0 	0 	0 	0 	0 	0 															
//	831	33	이상상태방지	1033	1	0 	0 	0 	0 	0 	0 	0 	0 	0 															
//	831	34	몬스터사망HP흡수	1034	1	0 	0 	0 	3 	0 	4 	5 	0 	6 															
//	831	35	몬스터사망MP/SP흡수	1035	1	0 	0 	0 	3 	0 	4 	5 	0 	6 															
//	831	36	HP회복속도상승	1036	1	0 	1 	0 	2 	0 	3 	0 	4 	0 															
//	831	37	MP회복속도상승	1037	1	0 	0 	0 	0 	0 	0 	0 	0 	0 															
//	831	38	크리티컬확률상승	1038	1	0 	0 	0 	0 	1 	0 	2 	0 	3 															
//	831	39	데미지반사	1039	1	0 	0 	0 	0 	0 	0 	0 	0 	0 															
//	831	40	HP흡수	1040	1	0 	0 	0 	2 	3 	4 	5 	6 	7 															
//	831	41	숙련도1상승	1041	1	1 	0 	2 	0 	3 	0 	4 	0 	5 															
//	831	42	숙련도2상승	1042	1	1 	0 	2 	0 	3 	0 	4 	0 	5 															
//	831	43	숙련도1계열스킬상승	1043	1	0 	0 	0 	0 	0 	0 	0 	0 	0 															
//	831	44	숙련도2계열스킬상승	1044	1	0 	0 	0 	0 	0 	0 	0 	0 	0 															
//	831	45	패시브계열 스킬상승	1045	1	0 	0 	0 	0 	0 	0 	0 	0 	0 															
//	831	46	습득돈증가	1046	1	0 	0 	0 	0 	0 	0 	0 	0 	0 															
//	831	47	습득경험치증가	1047	1	0 	0 	0 	0 	0 	0 	0 	0 	0 															
//	831	48	데미지감소	1048	1	0 	0 	0 	0 	0 	0 	0 	0 	0 															
//	831	49	모든스탯추가	1049	1	0 	0 	0 	0 	0 	0 	2 	3 	4 															
//드래곤특수액세서리																													
//	841	1	전체공격속도추가	11224	1	2 	0 	3 	0 	4 	0 	5 	0 	6 															
//	841	2	전체공격성공율추가율	11218	1	2 	0 	4 	0 	6 	0 	8 	0 	10 															
//	841	3	마법속성공격력(불)추가	11210	1	2 	0 	3 	0 	4 	0 	5 	0 	6 															
//	841	4	마법속성공격력(물)추가	11207	1	0 	2 	0 	4 	0 	6 	0 	8 	0 															
//	841	5	마법속성공격력(대지)추가	11209	1	0 	2 	0 	4 	0 	6 	0 	8 	0 															
//	841	6	마법속성공격력(바람)추가	11208	1	0 	2 	0 	4 	0 	6 	0 	8 	0 															
//	841	7	마법속성공격력(암흑)추가	11211	1	0 	2 	0 	4 	0 	6 	0 	8 	0 															
//	841	8	공격대상물리방어력감소	11252	5	0 	2 	0 	4 	0 	6 	0 	8 	0 															
//	841	9	공격대상마법속성저항(불)감소	11253	5	2 	0 	4 	0 	6 	0 	8 	0 	10 															
//	841	10	공격대상마법속성저항(물)감소	11254	5	0 	2 	0 	4 	0 	6 	0 	8 	0 															
//	841	11	공격대상마법속성저항(대지)감소	11255	5	0 	2 	0 	4 	0 	6 	0 	8 	0 															
//	841	12	공격대상마법속성저항(바람)감소	11256	5	0 	2 	0 	4 	0 	6 	0 	8 	0 															
//	841	13	공격대상마법속성저항(암흑)감소	11257	5	0 	2 	0 	4 	0 	6 	0 	8 	0 															
//	841	14	이동속도추가	11258	1	0 	2 	0 	4 	0 	6 	0 	8 	0 															
//	841	15	전체블럭율추가율	11219	1	0 	0 	0 	0 	0 	0 	0 	0 	0 															
//	841	16	마법속성저항(불)추가	11204	1	0 	0 	0 	0 	0 	0 	0 	0 	0 															
//	841	17	마법속성저항(물)추가	11201	1	0 	0 	0 	0 	0 	0 	0 	0 	0 															
//	841	18	마법속성저항(대지)추가	11203	1	0 	0 	0 	0 	0 	0 	0 	0 	0 															
//	841	19	마법속성저항(바람)추가	11202	1	0 	0 	0 	0 	0 	0 	0 	0 	0 															
//	841	20	마법속성저항(암흑)추가	11205	1	0 	0 	0 	0 	0 	0 	0 	0 	0 															
//	841	21	옵션전체공격력추가	11229	1	0 	0 	0 	0 	0 	0 	0 	0 	0 															
//	841	22	옵션전체방어력추가	11228	1	0 	0 	0 	0 	0 	0 	0 	0 	0 															
//	841	23	힘추가	11213	1	2 	0 	3 	0 	4 	0 	5 	0 	6 															
//	841	24	민첩추가	11214	1	0 	0 	0 	0 	0 	0 	0 	0 	0 															
//	841	25	지력추가	11215	1	0 	1 	0 	2 	0 	3 	0 	4 	0 															
//	841	26	체력추가	11216	1	0 	1 	0 	2 	0 	3 	0 	4 	0 															
//	841	27	정신력추가	11217	1	0 	1 	0 	2 	0 	3 	0 	4 	0 															
//	841	28	최대HP추가	11225	1	0 	0 	0 	0 	0 	0 	0 	0 	0 															
//	841	29	최대MP/SP추가	11226	1	0 	0 	0 	0 	0 	0 	0 	0 	0 															
//	841	30	스킬공격력	11260	1	0 	0 	0 	0 	0 	0 	0 	0 	0 															
//	841	31	스킬데미지추가율	11261	5	0 	0 	0 	0 	0 	0 	0 	0 	0 															
//	841	32	이상상태지속시간상승	1032	1	0 	0 	0 	0 	0 	0 	0 	0 	0 															
//	841	33	이상상태방지	1033	1	0 	0 	0 	0 	0 	0 	0 	0 	0 															
//	841	34	몬스터사망HP흡수	1034	1	0 	0 	0 	3 	0 	4 	5 	0 	6 															
//	841	35	몬스터사망MP/SP흡수	1035	1	0 	0 	0 	3 	0 	4 	5 	0 	6 															
//	841	36	HP회복속도상승	1036	1	0 	1 	0 	2 	0 	3 	0 	4 	0 															
//	841	37	MP회복속도상승	1037	1	0 	0 	0 	0 	0 	0 	0 	0 	0 															
//	841	38	크리티컬확률상승	1038	1	0 	0 	0 	0 	1 	0 	2 	0 	3 															
//	841	39	데미지반사	1039	1	0 	0 	0 	0 	0 	0 	0 	0 	0 															
//	841	40	HP흡수	1040	1	0 	0 	0 	2 	3 	4 	5 	6 	7 															
//	841	41	숙련도1상승	1041	1	1 	0 	2 	0 	3 	0 	4 	0 	5 															
//	841	42	숙련도2상승	1042	1	1 	0 	2 	0 	3 	0 	4 	0 	5 															
//	841	43	숙련도1계열스킬상승	1043	1	0 	0 	0 	0 	0 	0 	0 	0 	0 															
//	841	44	숙련도2계열스킬상승	1044	1	0 	0 	0 	0 	0 	0 	0 	0 	0 															
//	841	45	패시브계열 스킬상승	1045	1	0 	0 	0 	0 	0 	0 	0 	0 	0 															
//	841	46	습득돈증가	1046	1	0 	0 	0 	0 	0 	0 	0 	0 	0 															
//	841	47	습득경험치증가	1047	1	0 	0 	0 	0 	0 	0 	0 	0 	0 															
//	841	48	데미지감소	1048	1	0 	0 	0 	0 	0 	0 	0 	0 	0 															
//	841	49	모든스탯추가	1049	1	0 	0 	0 	0 	0 	0 	2 	3 	4 															
//발키리특수액세서리																													
//	851	1	전체공격속도추가	11224	1	2 	0 	3 	0 	4 	0 	5 	0 	6 															
//	851	2	전체공격성공율추가율	11218	1	2 	0 	4 	0 	6 	0 	8 	0 	10 															
//	851	3	마법속성공격력(불)추가	11210	1	2 	0 	3 	0 	4 	0 	5 	0 	6 															
//	851	4	마법속성공격력(물)추가	11207	1	0 	2 	0 	4 	0 	6 	0 	8 	0 															
//	851	5	마법속성공격력(대지)추가	11209	1	0 	2 	0 	4 	0 	6 	0 	8 	0 															
//	851	6	마법속성공격력(바람)추가	11208	1	0 	2 	0 	4 	0 	6 	0 	8 	0 															
//	851	7	마법속성공격력(암흑)추가	11211	1	0 	2 	0 	4 	0 	6 	0 	8 	0 															
//	851	8	공격대상물리방어력감소	11252	5	0 	2 	0 	4 	0 	6 	0 	8 	0 															
//	851	9	공격대상마법속성저항(불)감소	11253	5	2 	0 	4 	0 	6 	0 	8 	0 	10 															
//	851	10	공격대상마법속성저항(물)감소	11254	5	0 	2 	0 	4 	0 	6 	0 	8 	0 															
//	851	11	공격대상마법속성저항(대지)감소	11255	5	0 	2 	0 	4 	0 	6 	0 	8 	0 															
//	851	12	공격대상마법속성저항(바람)감소	11256	5	0 	2 	0 	4 	0 	6 	0 	8 	0 															
//	851	13	공격대상마법속성저항(암흑)감소	11257	5	0 	2 	0 	4 	0 	6 	0 	8 	0 															
//	851	14	이동속도추가	11258	1	0 	2 	0 	4 	0 	6 	0 	8 	0 															
//	851	15	전체블럭율추가율	11219	1	0 	0 	0 	0 	0 	0 	0 	0 	0 															
//	851	16	마법속성저항(불)추가	11204	1	0 	0 	0 	0 	0 	0 	0 	0 	0 															
//	851	17	마법속성저항(물)추가	11201	1	0 	0 	0 	0 	0 	0 	0 	0 	0 															
//	851	18	마법속성저항(대지)추가	11203	1	0 	0 	0 	0 	0 	0 	0 	0 	0 															
//	851	19	마법속성저항(바람)추가	11202	1	0 	0 	0 	0 	0 	0 	0 	0 	0 															
//	851	20	마법속성저항(암흑)추가	11205	1	0 	0 	0 	0 	0 	0 	0 	0 	0 															
//	851	21	옵션전체공격력추가	11229	1	0 	0 	0 	0 	0 	0 	0 	0 	0 															
//	851	22	옵션전체방어력추가	11228	1	0 	0 	0 	0 	0 	0 	0 	0 	0 															
//	851	23	힘추가	11213	1	2 	0 	3 	0 	4 	0 	5 	0 	6 															
//	851	24	민첩추가	11214	1	0 	0 	0 	0 	0 	0 	0 	0 	0 															
//	851	25	지력추가	11215	1	0 	1 	0 	2 	0 	3 	0 	4 	0 															
//	851	26	체력추가	11216	1	0 	1 	0 	2 	0 	3 	0 	4 	0 															
//	851	27	정신력추가	11217	1	0 	1 	0 	2 	0 	3 	0 	4 	0 															
//	851	28	최대HP추가	11225	1	0 	0 	0 	0 	0 	0 	0 	0 	0 															
//	851	29	최대MP/SP추가	11226	1	0 	0 	0 	0 	0 	0 	0 	0 	0 															
//	851	30	스킬공격력	11260	1	0 	0 	0 	0 	0 	0 	0 	0 	0 															
//	851	31	스킬데미지추가율	11261	5	0 	0 	0 	0 	0 	0 	0 	0 	0 															
//	851	32	이상상태지속시간상승	1032	1	0 	0 	0 	0 	0 	0 	0 	0 	0 															
//	851	33	이상상태방지	1033	1	0 	0 	0 	0 	0 	0 	0 	0 	0 															
//	851	34	몬스터사망HP흡수	1034	1	0 	0 	0 	3 	0 	4 	5 	0 	6 															
//	851	35	몬스터사망MP/SP흡수	1035	1	0 	0 	0 	3 	0 	4 	5 	0 	6 															
//	851	36	HP회복속도상승	1036	1	0 	1 	0 	2 	0 	3 	0 	4 	0 															
//	851	37	MP회복속도상승	1037	1	0 	0 	0 	0 	0 	0 	0 	0 	0 															
//	851	38	크리티컬확률상승	1038	1	0 	0 	0 	0 	1 	0 	2 	0 	3 															
//	851	39	데미지반사	1039	1	0 	0 	0 	0 	0 	0 	0 	0 	0 															
//	851	40	HP흡수	1040	1	0 	0 	0 	2 	3 	4 	5 	6 	7 															
//	851	41	숙련도1상승	1041	1	1 	0 	2 	0 	3 	0 	4 	0 	5 															
//	851	42	숙련도2상승	1042	1	1 	0 	2 	0 	3 	0 	4 	0 	5 															
//	851	43	숙련도1계열스킬상승	1043	1	0 	0 	0 	0 	0 	0 	0 	0 	0 															
//	851	44	숙련도2계열스킬상승	1044	1	0 	0 	0 	0 	0 	0 	0 	0 	0 															
//	851	45	패시브계열 스킬상승	1045	1	0 	0 	0 	0 	0 	0 	0 	0 	0 															
//	851	46	습득돈증가	1046	1	0 	0 	0 	0 	0 	0 	0 	0 	0 															
//	851	47	습득경험치증가	1047	1	0 	0 	0 	0 	0 	0 	0 	0 	0 															
//	851	48	데미지감소	1048	1	0 	0 	0 	0 	0 	0 	0 	0 	0 															
//	851	49	모든스탯추가	1049	1	0 	0 	0 	0 	0 	0 	2 	3 	4 															
//엘리멘탈리스트특수액세서리																													
//	871	1	전체공격속도추가	11224	1	2 	0 	3 	0 	4 	0 	5 	0 	6 															
//	871	2	전체공격성공율추가율	11218	1	2 	0 	4 	0 	6 	0 	8 	0 	10 															
//	871	3	마법속성공격력(불)추가	11210	1	2 	0 	3 	0 	4 	0 	5 	0 	6 															
//	871	4	마법속성공격력(물)추가	11207	1	0 	2 	0 	4 	0 	6 	0 	8 	0 															
//	871	5	마법속성공격력(대지)추가	11209	1	0 	2 	0 	4 	0 	6 	0 	8 	0 															
//	871	6	마법속성공격력(바람)추가	11208	1	0 	2 	0 	4 	0 	6 	0 	8 	0 															
//	871	7	마법속성공격력(암흑)추가	11211	1	0 	2 	0 	4 	0 	6 	0 	8 	0 															
//	871	8	공격대상물리방어력감소	11252	5	0 	2 	0 	4 	0 	6 	0 	8 	0 															
//	871	9	공격대상마법속성저항(불)감소	11253	5	2 	0 	4 	0 	6 	0 	8 	0 	10 															
//	871	10	공격대상마법속성저항(물)감소	11254	5	0 	2 	0 	4 	0 	6 	0 	8 	0 															
//	871	11	공격대상마법속성저항(대지)감소	11255	5	0 	2 	0 	4 	0 	6 	0 	8 	0 															
//	871	12	공격대상마법속성저항(바람)감소	11256	5	0 	2 	0 	4 	0 	6 	0 	8 	0 															
//	871	13	공격대상마법속성저항(암흑)감소	11257	5	0 	2 	0 	4 	0 	6 	0 	8 	0 															
//	871	14	이동속도추가	11258	1	0 	2 	0 	4 	0 	6 	0 	8 	0 															
//	871	15	전체블럭율추가율	11219	1	0 	0 	0 	0 	0 	0 	0 	0 	0 															
//	871	16	마법속성저항(불)추가	11204	1	0 	0 	0 	0 	0 	0 	0 	0 	0 															
//	871	17	마법속성저항(물)추가	11201	1	0 	0 	0 	0 	0 	0 	0 	0 	0 															
//	871	18	마법속성저항(대지)추가	11203	1	0 	0 	0 	0 	0 	0 	0 	0 	0 															
//	871	19	마법속성저항(바람)추가	11202	1	0 	0 	0 	0 	0 	0 	0 	0 	0 															
//	871	20	마법속성저항(암흑)추가	11205	1	0 	0 	0 	0 	0 	0 	0 	0 	0 															
//	871	21	옵션전체공격력추가	11229	1	0 	0 	0 	0 	0 	0 	0 	0 	0 															
//	871	22	옵션전체방어력추가	11228	1	0 	0 	0 	0 	0 	0 	0 	0 	0 															
//	871	23	힘추가	11213	1	2 	0 	3 	0 	4 	0 	5 	0 	6 															
//	871	24	민첩추가	11214	1	0 	0 	0 	0 	0 	0 	0 	0 	0 															
//	871	25	지력추가	11215	1	0 	1 	0 	2 	0 	3 	0 	4 	0 															
//	871	26	체력추가	11216	1	0 	1 	0 	2 	0 	3 	0 	4 	0 															
//	871	27	정신력추가	11217	1	0 	1 	0 	2 	0 	3 	0 	4 	0 															
//	871	28	최대HP추가	11225	1	0 	0 	0 	0 	0 	0 	0 	0 	0 															
//	871	29	최대MP/SP추가	11226	1	0 	0 	0 	0 	0 	0 	0 	0 	0 															
//	871	30	스킬공격력	11260	1	0 	0 	0 	0 	0 	0 	0 	0 	0 															
//	871	31	스킬데미지추가율	11261	5	0 	0 	0 	0 	0 	0 	0 	0 	0 															
//	871	32	이상상태지속시간상승	1032	1	0 	0 	0 	0 	0 	0 	0 	0 	0 															
//	871	33	이상상태방지	1033	1	0 	0 	0 	0 	0 	0 	0 	0 	0 															
//	871	34	몬스터사망HP흡수	1034	1	0 	0 	0 	3 	0 	4 	5 	0 	6 															
//	871	35	몬스터사망MP/SP흡수	1035	1	0 	0 	0 	3 	0 	4 	5 	0 	6 															
//	871	36	HP회복속도상승	1036	1	0 	1 	0 	2 	0 	3 	0 	4 	0 															
//	871	37	MP회복속도상승	1037	1	0 	0 	0 	0 	0 	0 	0 	0 	0 															
//	871	38	크리티컬확률상승	1038	1	0 	0 	0 	0 	1 	0 	2 	0 	3 															
//	871	39	데미지반사	1039	1	0 	0 	0 	0 	0 	0 	0 	0 	0 															
//	871	40	HP흡수	1040	1	0 	0 	0 	2 	3 	4 	5 	6 	7 															
//	871	41	숙련도1상승	1041	1	1 	0 	2 	0 	3 	0 	4 	0 	5 															
//	871	42	숙련도2상승	1042	1	1 	0 	2 	0 	3 	0 	4 	0 	5 															
//	871	43	숙련도1계열스킬상승	1043	1	0 	0 	0 	0 	0 	0 	0 	0 	0 															
//	871	44	숙련도2계열스킬상승	1044	1	0 	0 	0 	0 	0 	0 	0 	0 	0 															
//	871	45	패시브계열 스킬상승	1045	1	0 	0 	0 	0 	0 	0 	0 	0 	0 															
//	871	46	습득돈증가	1046	1	0 	0 	0 	0 	0 	0 	0 	0 	0 															
//	871	47	습득경험치증가	1047	1	0 	0 	0 	0 	0 	0 	0 	0 	0 															
//	871	48	데미지감소	1048	1	0 	0 	0 	0 	0 	0 	0 	0 	0 															
//	871	49	모든스탯추가	1049	1	0 	0 	0 	0 	0 	0 	2 	3 	4 															
