//version	1.0.0.8																																																																														
//최종수정날짜	2009-04-20 13:44																																																																														
//최종수정자	정만복					1004			1004			1004			1004			1004			1004			1004			1004			1004			1004			1004			1004			1004			1004			1004			1004			1004			1004			1004			1004			1004			1004			1004			1004			1004	
//상점리스트 아이디	상점이름	하임행운적용비율	상점탭	판매아이템1	아이템1수량		판매아이템2	아이템2수량		판매아이템3	아이템3수량		판매아이템4	아이템4수량		판매아이템5	아이템5수량		판매아이템6	아이템6수량		판매아이템7	아이템7수량		판매아이템8	아이템8수량		판매아이템9	아이템9수량		판매아이템10	아이템10수량		판매아이템11	아이템11수량		판매아이템12	아이템12수량		판매아이템13	아이템13수량		판매아이템14	아이템14수량		판매아이템15	아이템15수량		판매아이템16	아이템16수량		판매아이템17	아이템17수량		판매아이템18	아이템18수량		판매아이템19	아이템19수량		판매아이템20	아이템20수량		판매아이템21	아이템21수량		판매아이템22	아이템22수량		판매아이템23	아이템23수량		판매아이템24	아이템24수량		판매아이템25	아이템25수량		
dwID	Name	LottoRatio	iShopTab	wItemCode1	byItemNum1	IGType1	wItemCode2	byItemNum2	IGType2	wItemCode3	byItemNum3	IGType3	wItemCode4	byItemNum4	IGType4	wItemCode5	byItemNum5	IGType5	wItemCode6	byItemNum6	IGType6	wItemCode7	byItemNum7	IGType7	wItemCode8	byItemNum8	IGType8	wItemCode9	byItemNum9	IGType9	wItemCode10	byItemNum10	IGType10	wItemCode11	byItemNum11	IGType11	wItemCode12	byItemNum12	IGType12	wItemCode13	byItemNum13	IGType13	wItemCode14	byItemNum14	IGType14	wItemCode15	byItemNum15	IGType15	wItemCode16	byItemNum16	IGType16	wItemCode17	byItemNum17	IGType17	wItemCode18	byItemNum18	IGType18	wItemCode19	byItemNum19	IGType19	wItemCode20	byItemNum20	IGType20	wItemCode21	byItemNum21	IGType21	wItemCode22	byItemNum22	IGType22	wItemCode23	byItemNum23	IGType23	wItemCode24	byItemNum24	IGType24	wItemCode25	byItemNum25	IGType25	FieldEnd
//에소드상인																																																																															
63863	버서커-루츠(에소드)	0	0	1	1	0	10001	1	0	20001	1	0	30001	1	0	0	0	0	16	1	0	10016	1	0	20016	1	0	30016	1	0	0	0	0	0	0	0	0	0	0	0	0	0	0	0	0	0	0	0	0	0	0	0	0	0	0	0	0	0	0	0	0	0	0	0	0	0	0	0	0	0	0	0	0	0	0	0	0	0	
63863	버서커-루츠(에소드)	0	1	1001	1	0	1051	1	0	1101	1	0	1151	1	0	1201	1	0	1251	1	0	1301	1	0	1351	1	0	0	0	0	0	0	0	0	0	0	0	0	0	0	0	0	0	0	0	0	0	0	0	0	0	0	0	0	0	0	0	0	0	0	0	0	0	0	0	0	0	0	0	0	0	0	0	0	0	0	0	0	
63863	버서커-루츠(에소드)	0	2	11001	1	0	11051	1	0	11101	1	0	11151	1	0	11201	1	0	11251	1	0	11301	1	0	11351	1	0	0	0	0	0	0	0	0	0	0	0	0	0	0	0	0	0	0	0	0	0	0	0	0	0	0	0	0	0	0	0	0	0	0	0	0	0	0	0	0	0	0	0	0	0	0	0	0	0	0	0	0	
63863	버서커-루츠(에소드)	0	3	21001	1	0	21051	1	0	21101	1	0	21151	1	0	21201	1	0	21251	1	0	21301	1	0	21351	1	0	0	0	0	0	0	0	0	0	0	0	0	0	0	0	0	0	0	0	0	0	0	0	0	0	0	0	0	0	0	0	0	0	0	0	0	0	0	0	0	0	0	0	0	0	0	0	0	0	0	0	0	
63863	버서커-루츠(에소드)	0	4	31001	1	0	31051	1	0	31101	1	0	31151	1	0	31201	1	0	31251	1	0	31301	1	0	31351	1	0	0	0	0	0	0	0	0	0	0	0	0	0	0	0	0	0	0	0	0	0	0	0	0	0	0	0	0	0	0	0	0	0	0	0	0	0	0	0	0	0	0	0	0	0	0	0	0	0	0	0	0	
63864	드래곤-아비스(에소드)	0	0	31	1	0	10031	1	0	20031	1	0	30031	1	0	0	0	0	46	1	0	10046	1	0	20046	1	0	30046	1	0	0	0	0	0	0	0	0	0	0	0	0	0	0	0	0	0	0	0	0	0	0	0	0	0	0	0	0	0	0	0	0	0	0	0	0	0	0	0	0	0	0	0	0	0	0	0	0	0	
63864	드래곤-아비스(에소드)	0	1	1011	1	0	1061	1	0	1111	1	0	1161	1	0	1211	1	0	1261	1	0	1311	1	0	1361	1	0	0	0	0	0	0	0	0	0	0	0	0	0	0	0	0	0	0	0	0	0	0	0	0	0	0	0	0	0	0	0	0	0	0	0	0	0	0	0	0	0	0	0	0	0	0	0	0	0	0	0	0	
63864	드래곤-아비스(에소드)	0	2	11011	1	0	11061	1	0	11111	1	0	11161	1	0	11211	1	0	11261	1	0	11311	1	0	11361	1	0	0	0	0	0	0	0	0	0	0	0	0	0	0	0	0	0	0	0	0	0	0	0	0	0	0	0	0	0	0	0	0	0	0	0	0	0	0	0	0	0	0	0	0	0	0	0	0	0	0	0	0	
63864	드래곤-아비스(에소드)	0	3	21011	1	0	21061	1	0	21111	1	0	21161	1	0	21211	1	0	21261	1	0	21311	1	0	21361	1	0	0	0	0	0	0	0	0	0	0	0	0	0	0	0	0	0	0	0	0	0	0	0	0	0	0	0	0	0	0	0	0	0	0	0	0	0	0	0	0	0	0	0	0	0	0	0	0	0	0	0	0	
63864	드래곤-아비스(에소드)	0	4	31011	1	0	31061	1	0	31111	1	0	31161	1	0	31211	1	0	31261	1	0	31311	1	0	31361	1	0	0	0	0	0	0	0	0	0	0	0	0	0	0	0	0	0	0	0	0	0	0	0	0	0	0	0	0	0	0	0	0	0	0	0	0	0	0	0	0	0	0	0	0	0	0	0	0	0	0	0	0	
63905	섀도우-데오도로(에소드)	0	0	61	1	0	10061	1	0	20061	1	0	30061	1	0	0	0	0	76	1	0	10076	1	0	20076	1	0	30076	1	0	0	0	0	0	0	0	0	0	0	0	0	0	0	0	0	0	0	0	0	0	0	0	0	0	0	0	0	0	0	0	0	0	0	0	0	0	0	0	0	0	0	0	0	0	0	0	0	0	
63905	섀도우-데오도로(에소드)	0	1	1021	1	0	1071	1	0	1121	1	0	1171	1	0	1221	1	0	1271	1	0	1321	1	0	1371	1	0	0	0	0	0	0	0	0	0	0	0	0	0	0	0	0	0	0	0	0	0	0	0	0	0	0	0	0	0	0	0	0	0	0	0	0	0	0	0	0	0	0	0	0	0	0	0	0	0	0	0	0	
63905	섀도우-데오도로(에소드)	0	2	11021	1	0	11071	1	0	11121	1	0	11171	1	0	11221	1	0	11271	1	0	11321	1	0	11371	1	0	0	0	0	0	0	0	0	0	0	0	0	0	0	0	0	0	0	0	0	0	0	0	0	0	0	0	0	0	0	0	0	0	0	0	0	0	0	0	0	0	0	0	0	0	0	0	0	0	0	0	0	
63905	섀도우-데오도로(에소드)	0	3	21021	1	0	21071	1	0	21121	1	0	21171	1	0	21221	1	0	21271	1	0	21321	1	0	21371	1	0	0	0	0	0	0	0	0	0	0	0	0	0	0	0	0	0	0	0	0	0	0	0	0	0	0	0	0	0	0	0	0	0	0	0	0	0	0	0	0	0	0	0	0	0	0	0	0	0	0	0	0	
63905	섀도우-데오도로(에소드)	0	4	31021	1	0	31071	1	0	31121	1	0	31171	1	0	31221	1	0	31271	1	0	31321	1	0	31371	1	0	0	0	0	0	0	0	0	0	0	0	0	0	0	0	0	0	0	0	0	0	0	0	0	0	0	0	0	0	0	0	0	0	0	0	0	0	0	0	0	0	0	0	0	0	0	0	0	0	0	0	0	
63862	발키리-아나스(에소드)	0	0	91	1	0	10091	1	0	20091	1	0	30091	1	0	0	0	0	106	1	0	10106	1	0	20106	1	0	30106	1	0	0	0	0	0	0	0	0	0	0	0	0	0	0	0	0	0	0	0	0	0	0	0	0	0	0	0	0	0	0	0	0	0	0	0	0	0	0	0	0	0	0	0	0	0	0	0	0	0	
63862	발키리-아나스(에소드)	0	1	1031	1	0	1081	1	0	1131	1	0	1181	1	0	1231	1	0	1281	1	0	1331	1	0	1381	1	0	0	0	0	0	0	0	0	0	0	0	0	0	0	0	0	0	0	0	0	0	0	0	0	0	0	0	0	0	0	0	0	0	0	0	0	0	0	0	0	0	0	0	0	0	0	0	0	0	0	0	0	
63862	발키리-아나스(에소드)	0	2	11031	1	0	11081	1	0	11131	1	0	11181	1	0	11231	1	0	11281	1	0	11331	1	0	11381	1	0	0	0	0	0	0	0	0	0	0	0	0	0	0	0	0	0	0	0	0	0	0	0	0	0	0	0	0	0	0	0	0	0	0	0	0	0	0	0	0	0	0	0	0	0	0	0	0	0	0	0	0	
63862	발키리-아나스(에소드)	0	3	21031	1	0	21081	1	0	21131	1	0	21181	1	0	21231	1	0	21281	1	0	21331	1	0	21381	1	0	0	0	0	0	0	0	0	0	0	0	0	0	0	0	0	0	0	0	0	0	0	0	0	0	0	0	0	0	0	0	0	0	0	0	0	0	0	0	0	0	0	0	0	0	0	0	0	0	0	0	0	
63862	발키리-아나스(에소드)	0	4	31031	1	0	31081	1	0	31131	1	0	31181	1	0	31231	1	0	31281	1	0	31331	1	0	31381	1	0	0	0	0	0	0	0	0	0	0	0	0	0	0	0	0	0	0	0	0	0	0	0	0	0	0	0	0	0	0	0	0	0	0	0	0	0	0	0	0	0	0	0	0	0	0	0	0	0	0	0	0	
63865	엘리-미스텔(에소드)	0	0	137	1	0	10137	1	0	20137	1	0	30137	1	0	0	0	0	152	1	0	10152	1	0	20152	1	0	30152	1	0	0	0	0	0	0	0	0	0	0	0	0	0	0	0	0	0	0	0	0	0	0	0	0	0	0	0	0	0	0	0	0	0	0	0	0	0	0	0	0	0	0	0	0	0	0	0	0	0	
63865	엘리-미스텔(에소드)	0	1	1041	1	0	1091	1	0	1141	1	0	1191	1	0	1241	1	0	1291	1	0	1341	1	0	1391	1	0	0	0	0	0	0	0	0	0	0	0	0	0	0	0	0	0	0	0	0	0	0	0	0	0	0	0	0	0	0	0	0	0	0	0	0	0	0	0	0	0	0	0	0	0	0	0	0	0	0	0	0	
63865	엘리-미스텔(에소드)	0	2	11041	1	0	11091	1	0	11141	1	0	11191	1	0	11241	1	0	11291	1	0	11341	1	0	11391	1	0	0	0	0	0	0	0	0	0	0	0	0	0	0	0	0	0	0	0	0	0	0	0	0	0	0	0	0	0	0	0	0	0	0	0	0	0	0	0	0	0	0	0	0	0	0	0	0	0	0	0	0	
63865	엘리-미스텔(에소드)	0	3	21041	1	0	21091	1	0	21141	1	0	21191	1	0	21241	1	0	21291	1	0	21341	1	0	21391	1	0	0	0	0	0	0	0	0	0	0	0	0	0	0	0	0	0	0	0	0	0	0	0	0	0	0	0	0	0	0	0	0	0	0	0	0	0	0	0	0	0	0	0	0	0	0	0	0	0	0	0	0	
63865	엘리-미스텔(에소드)	0	4	31041	1	0	31091	1	0	31141	1	0	31191	1	0	31241	1	0	31291	1	0	31341	1	0	31391	1	0	0	0	0	0	0	0	0	0	0	0	0	0	0	0	0	0	0	0	0	0	0	0	0	0	0	0	0	0	0	0	0	0	0	0	0	0	0	0	0	0	0	0	0	0	0	0	0	0	0	0	0	
63866	우도(잡화상점)	0	0	4001	1	0	4002	1	0	4193	1	0	6622	1	0	7241	1	0	3301	1	0	6951	1	0	6952	1	0	6953	1	0	6954	1	0	0	0	0	0	0	0	0	0	0	0	0	0	0	0	0	0	0	0	0	0	0	0	0	0	0	0	0	0	0	0	0	0	0	0	0	0	0	0	0	0	0	0	0	0	0	
//벨트헨상인						0			0			0			0			0			0			0			0			0			0			0			0			0			0			0			0			0			0			0			0			0			0			0			0			0	
62154	버서커-루츠(벨트헨)	0	0	2	1	0	10002	1	0	20002	1	0	30002	1	0	0	0	0	17	1	0	10017	1	0	20017	1	0	30017	1	0	0	0	0	0	0	0	0	0	0	0	0	0	0	0	0	0	0	0	0	0	0	0	0	0	0	0	0	0	0	0	0	0	0	0	0	0	0	0	0	0	0	0	0	0	0	0	0	0	
62154	버서커-루츠(벨트헨)	0	1	1002	1	0	1052	1	0	1102	1	0	1152	1	0	1202	1	0	1252	1	0	1302	1	0	1352	1	0	0	0	0	0	0	0	0	0	0	0	0	0	0	0	0	0	0	0	0	0	0	0	0	0	0	0	0	0	0	0	0	0	0	0	0	0	0	0	0	0	0	0	0	0	0	0	0	0	0	0	0	
62154	버서커-루츠(벨트헨)	0	2	11002	1	0	11052	1	0	11102	1	0	11152	1	0	11202	1	0	11252	1	0	11302	1	0	11352	1	0	0	0	0	0	0	0	0	0	0	0	0	0	0	0	0	0	0	0	0	0	0	0	0	0	0	0	0	0	0	0	0	0	0	0	0	0	0	0	0	0	0	0	0	0	0	0	0	0	0	0	0	
62154	버서커-루츠(벨트헨)	0	3	21002	1	0	21052	1	0	21102	1	0	21152	1	0	21202	1	0	21252	1	0	21302	1	0	21352	1	0	0	0	0	0	0	0	0	0	0	0	0	0	0	0	0	0	0	0	0	0	0	0	0	0	0	0	0	0	0	0	0	0	0	0	0	0	0	0	0	0	0	0	0	0	0	0	0	0	0	0	0	
62154	버서커-루츠(벨트헨)	0	4	31002	1	0	31052	1	0	31102	1	0	31152	1	0	31202	1	0	31252	1	0	31302	1	0	31352	1	0	0	0	0	0	0	0	0	0	0	0	0	0	0	0	0	0	0	0	0	0	0	0	0	0	0	0	0	0	0	0	0	0	0	0	0	0	0	0	0	0	0	0	0	0	0	0	0	0	0	0	0	
62155	드래곤-아비스(벨트헨)	0	0	32	1	0	10032	1	0	20032	1	0	30032	1	0	0	0	0	47	1	0	10047	1	0	20047	1	0	30047	1	0	0	0	0	0	0	0	0	0	0	0	0	0	0	0	0	0	0	0	0	0	0	0	0	0	0	0	0	0	0	0	0	0	0	0	0	0	0	0	0	0	0	0	0	0	0	0	0	0	
62155	드래곤-아비스(벨트헨)	0	1	1012	1	0	1062	1	0	1112	1	0	1162	1	0	1212	1	0	1262	1	0	1312	1	0	1362	1	0	0	0	0	0	0	0	0	0	0	0	0	0	0	0	0	0	0	0	0	0	0	0	0	0	0	0	0	0	0	0	0	0	0	0	0	0	0	0	0	0	0	0	0	0	0	0	0	0	0	0	0	
62155	드래곤-아비스(벨트헨)	0	2	11012	1	0	11062	1	0	11112	1	0	11162	1	0	11212	1	0	11262	1	0	11312	1	0	11362	1	0	0	0	0	0	0	0	0	0	0	0	0	0	0	0	0	0	0	0	0	0	0	0	0	0	0	0	0	0	0	0	0	0	0	0	0	0	0	0	0	0	0	0	0	0	0	0	0	0	0	0	0	
62155	드래곤-아비스(벨트헨)	0	3	21012	1	0	21062	1	0	21112	1	0	21162	1	0	21212	1	0	21262	1	0	21312	1	0	21362	1	0	0	0	0	0	0	0	0	0	0	0	0	0	0	0	0	0	0	0	0	0	0	0	0	0	0	0	0	0	0	0	0	0	0	0	0	0	0	0	0	0	0	0	0	0	0	0	0	0	0	0	0	
62155	드래곤-아비스(벨트헨)	0	4	31012	1	0	31062	1	0	31112	1	0	31162	1	0	31212	1	0	31262	1	0	31312	1	0	31362	1	0	0	0	0	0	0	0	0	0	0	0	0	0	0	0	0	0	0	0	0	0	0	0	0	0	0	0	0	0	0	0	0	0	0	0	0	0	0	0	0	0	0	0	0	0	0	0	0	0	0	0	0	
62196	섀도우-디브딘(벨트헨)	0	0	62	1	0	10062	1	0	20062	1	0	30062	1	0	0	0	0	77	1	0	10077	1	0	20077	1	0	30077	1	0	0	0	0	0	0	0	0	0	0	0	0	0	0	0	0	0	0	0	0	0	0	0	0	0	0	0	0	0	0	0	0	0	0	0	0	0	0	0	0	0	0	0	0	0	0	0	0	0	
62196	섀도우-디브딘(벨트헨)	0	1	1022	1	0	1072	1	0	1122	1	0	1172	1	0	1222	1	0	1272	1	0	1322	1	0	1372	1	0	0	0	0	0	0	0	0	0	0	0	0	0	0	0	0	0	0	0	0	0	0	0	0	0	0	0	0	0	0	0	0	0	0	0	0	0	0	0	0	0	0	0	0	0	0	0	0	0	0	0	0	
62196	섀도우-디브딘(벨트헨)	0	2	11022	1	0	11072	1	0	11122	1	0	11172	1	0	11222	1	0	11272	1	0	11322	1	0	11372	1	0	0	0	0	0	0	0	0	0	0	0	0	0	0	0	0	0	0	0	0	0	0	0	0	0	0	0	0	0	0	0	0	0	0	0	0	0	0	0	0	0	0	0	0	0	0	0	0	0	0	0	0	
62196	섀도우-디브딘(벨트헨)	0	3	21022	1	0	21072	1	0	21122	1	0	21172	1	0	21222	1	0	21272	1	0	21322	1	0	21372	1	0	0	0	0	0	0	0	0	0	0	0	0	0	0	0	0	0	0	0	0	0	0	0	0	0	0	0	0	0	0	0	0	0	0	0	0	0	0	0	0	0	0	0	0	0	0	0	0	0	0	0	0	
62196	섀도우-디브딘(벨트헨)	0	4	31022	1	0	31072	1	0	31122	1	0	31172	1	0	31222	1	0	31272	1	0	31322	1	0	31372	1	0	0	0	0	0	0	0	0	0	0	0	0	0	0	0	0	0	0	0	0	0	0	0	0	0	0	0	0	0	0	0	0	0	0	0	0	0	0	0	0	0	0	0	0	0	0	0	0	0	0	0	0	
62152	발키리-아나스(벨트헨)	0	0	92	1	0	10092	1	0	20092	1	0	30092	1	0	0	0	0	107	1	0	10107	1	0	20107	1	0	30107	1	0	0	0	0	0	0	0	0	0	0	0	0	0	0	0	0	0	0	0	0	0	0	0	0	0	0	0	0	0	0	0	0	0	0	0	0	0	0	0	0	0	0	0	0	0	0	0	0	0	
62152	발키리-아나스(벨트헨)	0	1	1032	1	0	1082	1	0	1132	1	0	1182	1	0	1232	1	0	1282	1	0	1332	1	0	1382	1	0	0	0	0	0	0	0	0	0	0	0	0	0	0	0	0	0	0	0	0	0	0	0	0	0	0	0	0	0	0	0	0	0	0	0	0	0	0	0	0	0	0	0	0	0	0	0	0	0	0	0	0	
62152	발키리-아나스(벨트헨)	0	2	11032	1	0	11082	1	0	11132	1	0	11182	1	0	11232	1	0	11282	1	0	11332	1	0	11382	1	0	0	0	0	0	0	0	0	0	0	0	0	0	0	0	0	0	0	0	0	0	0	0	0	0	0	0	0	0	0	0	0	0	0	0	0	0	0	0	0	0	0	0	0	0	0	0	0	0	0	0	0	
62152	발키리-아나스(벨트헨)	0	3	21032	1	0	21082	1	0	21132	1	0	21182	1	0	21232	1	0	21282	1	0	21332	1	0	21382	1	0	0	0	0	0	0	0	0	0	0	0	0	0	0	0	0	0	0	0	0	0	0	0	0	0	0	0	0	0	0	0	0	0	0	0	0	0	0	0	0	0	0	0	0	0	0	0	0	0	0	0	0	
62152	발키리-아나스(벨트헨)	0	4	31032	1	0	31082	1	0	31132	1	0	31182	1	0	31232	1	0	31282	1	0	31332	1	0	31382	1	0	0	0	0	0	0	0	0	0	0	0	0	0	0	0	0	0	0	0	0	0	0	0	0	0	0	0	0	0	0	0	0	0	0	0	0	0	0	0	0	0	0	0	0	0	0	0	0	0	0	0	0	
62156	엘리-미스텔(벨트헨)	0	0	138	1	0	10138	1	0	20138	1	0	30138	1	0	0	0	0	153	1	0	10153	1	0	20153	1	0	30153	1	0	0	0	0	0	0	0	0	0	0	0	0	0	0	0	0	0	0	0	0	0	0	0	0	0	0	0	0	0	0	0	0	0	0	0	0	0	0	0	0	0	0	0	0	0	0	0	0	0	
62156	엘리-미스텔(벨트헨)	0	1	1042	1	0	1092	1	0	1142	1	0	1192	1	0	1242	1	0	1292	1	0	1342	1	0	1392	1	0	0	0	0	0	0	0	0	0	0	0	0	0	0	0	0	0	0	0	0	0	0	0	0	0	0	0	0	0	0	0	0	0	0	0	0	0	0	0	0	0	0	0	0	0	0	0	0	0	0	0	0	
62156	엘리-미스텔(벨트헨)	0	2	11042	1	0	11092	1	0	11142	1	0	11192	1	0	11242	1	0	11292	1	0	11342	1	0	11392	1	0	0	0	0	0	0	0	0	0	0	0	0	0	0	0	0	0	0	0	0	0	0	0	0	0	0	0	0	0	0	0	0	0	0	0	0	0	0	0	0	0	0	0	0	0	0	0	0	0	0	0	0	
62156	엘리-미스텔(벨트헨)	0	3	21042	1	0	21092	1	0	21142	1	0	21192	1	0	21242	1	0	21292	1	0	21342	1	0	21392	1	0	0	0	0	0	0	0	0	0	0	0	0	0	0	0	0	0	0	0	0	0	0	0	0	0	0	0	0	0	0	0	0	0	0	0	0	0	0	0	0	0	0	0	0	0	0	0	0	0	0	0	0	
62156	엘리-미스텔(벨트헨)	0	4	31042	1	0	31092	1	0	31142	1	0	31192	1	0	31242	1	0	31292	1	0	31342	1	0	31392	1	0	0	0	0	0	0	0	0	0	0	0	0	0	0	0	0	0	0	0	0	0	0	0	0	0	0	0	0	0	0	0	0	0	0	0	0	0	0	0	0	0	0	0	0	0	0	0	0	0	0	0	0	
62174	버서커-리제(벨트헨)	0	0	3	1	0	10003	1	0	20003	1	0	30003	1	0	0	0	0	18	1	0	10018	1	0	20018	1	0	30018	1	0	0	0	0	0	0	0	0	0	0	0	0	0	0	0	0	0	0	0	0	0	0	0	0	0	0	0	0	0	0	0	0	0	0	0	0	0	0	0	0	0	0	0	0	0	0	0	0	0	
62174	버서커-리제(벨트헨)	0	1	1003	1	0	1053	1	0	1103	1	0	1153	1	0	1203	1	0	1253	1	0	1303	1	0	1353	1	0	0	0	0	0	0	0	0	0	0	0	0	0	0	0	0	0	0	0	0	0	0	0	0	0	0	0	0	0	0	0	0	0	0	0	0	0	0	0	0	0	0	0	0	0	0	0	0	0	0	0	0	
62174	버서커-리제(벨트헨)	0	2	11003	1	0	11053	1	0	11103	1	0	11153	1	0	11203	1	0	11253	1	0	11303	1	0	11353	1	0	0	0	0	0	0	0	0	0	0	0	0	0	0	0	0	0	0	0	0	0	0	0	0	0	0	0	0	0	0	0	0	0	0	0	0	0	0	0	0	0	0	0	0	0	0	0	0	0	0	0	0	
62174	버서커-리제(벨트헨)	0	3	21003	1	0	21053	1	0	21103	1	0	21153	1	0	21203	1	0	21253	1	0	21303	1	0	21353	1	0	0	0	0	0	0	0	0	0	0	0	0	0	0	0	0	0	0	0	0	0	0	0	0	0	0	0	0	0	0	0	0	0	0	0	0	0	0	0	0	0	0	0	0	0	0	0	0	0	0	0	0	
62174	버서커-리제(벨트헨)	0	4	31003	1	0	31053	1	0	31103	1	0	31153	1	0	31203	1	0	31253	1	0	31303	1	0	31353	1	0	0	0	0	0	0	0	0	0	0	0	0	0	0	0	0	0	0	0	0	0	0	0	0	0	0	0	0	0	0	0	0	0	0	0	0	0	0	0	0	0	0	0	0	0	0	0	0	0	0	0	0	
62171	드래곤-코르닉스(벨트헨)	0	0	33	1	0	10033	1	0	20033	1	0	30033	1	0	0	0	0	48	1	0	10048	1	0	20048	1	0	30048	1	0	0	0	0	0	0	0	0	0	0	0	0	0	0	0	0	0	0	0	0	0	0	0	0	0	0	0	0	0	0	0	0	0	0	0	0	0	0	0	0	0	0	0	0	0	0	0	0	0	
62171	드래곤-코르닉스(벨트헨)	0	1	1013	1	0	1063	1	0	1113	1	0	1163	1	0	1213	1	0	1263	1	0	1313	1	0	1363	1	0	0	0	0	0	0	0	0	0	0	0	0	0	0	0	0	0	0	0	0	0	0	0	0	0	0	0	0	0	0	0	0	0	0	0	0	0	0	0	0	0	0	0	0	0	0	0	0	0	0	0	0	
62171	드래곤-코르닉스(벨트헨)	0	2	11013	1	0	11063	1	0	11113	1	0	11163	1	0	11213	1	0	11263	1	0	11313	1	0	11363	1	0	0	0	0	0	0	0	0	0	0	0	0	0	0	0	0	0	0	0	0	0	0	0	0	0	0	0	0	0	0	0	0	0	0	0	0	0	0	0	0	0	0	0	0	0	0	0	0	0	0	0	0	
62171	드래곤-코르닉스(벨트헨)	0	3	21013	1	0	21063	1	0	21113	1	0	21163	1	0	21213	1	0	21263	1	0	21313	1	0	21363	1	0	0	0	0	0	0	0	0	0	0	0	0	0	0	0	0	0	0	0	0	0	0	0	0	0	0	0	0	0	0	0	0	0	0	0	0	0	0	0	0	0	0	0	0	0	0	0	0	0	0	0	0	
62171	드래곤-코르닉스(벨트헨)	0	4	31013	1	0	31063	1	0	31113	1	0	31163	1	0	31213	1	0	31263	1	0	31313	1	0	31363	1	0	0	0	0	0	0	0	0	0	0	0	0	0	0	0	0	0	0	0	0	0	0	0	0	0	0	0	0	0	0	0	0	0	0	0	0	0	0	0	0	0	0	0	0	0	0	0	0	0	0	0	0	
62197	섀도우-아르노트(벨트헨)	0	0	63	1	0	10063	1	0	20063	1	0	30063	1	0	0	0	0	78	1	0	10078	1	0	20078	1	0	30078	1	0	0	0	0	0	0	0	0	0	0	0	0	0	0	0	0	0	0	0	0	0	0	0	0	0	0	0	0	0	0	0	0	0	0	0	0	0	0	0	0	0	0	0	0	0	0	0	0	0	
62197	섀도우-아르노트(벨트헨)	0	1	1023	1	0	1073	1	0	1123	1	0	1173	1	0	1223	1	0	1273	1	0	1323	1	0	1373	1	0	0	0	0	0	0	0	0	0	0	0	0	0	0	0	0	0	0	0	0	0	0	0	0	0	0	0	0	0	0	0	0	0	0	0	0	0	0	0	0	0	0	0	0	0	0	0	0	0	0	0	0	
62197	섀도우-아르노트(벨트헨)	0	2	11023	1	0	11073	1	0	11123	1	0	11173	1	0	11223	1	0	11273	1	0	11323	1	0	11373	1	0	0	0	0	0	0	0	0	0	0	0	0	0	0	0	0	0	0	0	0	0	0	0	0	0	0	0	0	0	0	0	0	0	0	0	0	0	0	0	0	0	0	0	0	0	0	0	0	0	0	0	0	
62197	섀도우-아르노트(벨트헨)	0	3	21023	1	0	21073	1	0	21123	1	0	21173	1	0	21223	1	0	21273	1	0	21323	1	0	21373	1	0	0	0	0	0	0	0	0	0	0	0	0	0	0	0	0	0	0	0	0	0	0	0	0	0	0	0	0	0	0	0	0	0	0	0	0	0	0	0	0	0	0	0	0	0	0	0	0	0	0	0	0	
62197	섀도우-아르노트(벨트헨)	0	4	31023	1	0	31073	1	0	31123	1	0	31173	1	0	31223	1	0	31273	1	0	31323	1	0	31373	1	0	0	0	0	0	0	0	0	0	0	0	0	0	0	0	0	0	0	0	0	0	0	0	0	0	0	0	0	0	0	0	0	0	0	0	0	0	0	0	0	0	0	0	0	0	0	0	0	0	0	0	0	
62173	발키리-페니체(벨트헨)	0	0	93	1	0	10093	1	0	20093	1	0	30093	1	0	0	0	0	108	1	0	10108	1	0	20108	1	0	30108	1	0	0	0	0	0	0	0	0	0	0	0	0	0	0	0	0	0	0	0	0	0	0	0	0	0	0	0	0	0	0	0	0	0	0	0	0	0	0	0	0	0	0	0	0	0	0	0	0	0	
62173	발키리-페니체(벨트헨)	0	1	1033	1	0	1083	1	0	1133	1	0	1183	1	0	1233	1	0	1283	1	0	1333	1	0	1383	1	0	0	0	0	0	0	0	0	0	0	0	0	0	0	0	0	0	0	0	0	0	0	0	0	0	0	0	0	0	0	0	0	0	0	0	0	0	0	0	0	0	0	0	0	0	0	0	0	0	0	0	0	
62173	발키리-페니체(벨트헨)	0	2	11033	1	0	11083	1	0	11133	1	0	11183	1	0	11233	1	0	11283	1	0	11333	1	0	11383	1	0	0	0	0	0	0	0	0	0	0	0	0	0	0	0	0	0	0	0	0	0	0	0	0	0	0	0	0	0	0	0	0	0	0	0	0	0	0	0	0	0	0	0	0	0	0	0	0	0	0	0	0	
62173	발키리-페니체(벨트헨)	0	3	21033	1	0	21083	1	0	21133	1	0	21183	1	0	21233	1	0	21283	1	0	21333	1	0	21383	1	0	0	0	0	0	0	0	0	0	0	0	0	0	0	0	0	0	0	0	0	0	0	0	0	0	0	0	0	0	0	0	0	0	0	0	0	0	0	0	0	0	0	0	0	0	0	0	0	0	0	0	0	
62173	발키리-페니체(벨트헨)	0	4	31033	1	0	31083	1	0	31133	1	0	31183	1	0	31233	1	0	31283	1	0	31333	1	0	31383	1	0	0	0	0	0	0	0	0	0	0	0	0	0	0	0	0	0	0	0	0	0	0	0	0	0	0	0	0	0	0	0	0	0	0	0	0	0	0	0	0	0	0	0	0	0	0	0	0	0	0	0	0	
62172	엘리-세르(벨트헨)	0	0	139	1	0	10139	1	0	20139	1	0	30139	1	0	0	0	0	154	1	0	10154	1	0	20154	1	0	30154	1	0	0	0	0	0	0	0	0	0	0	0	0	0	0	0	0	0	0	0	0	0	0	0	0	0	0	0	0	0	0	0	0	0	0	0	0	0	0	0	0	0	0	0	0	0	0	0	0	0	
62172	엘리-세르(벨트헨)	0	1	1043	1	0	1093	1	0	1143	1	0	1193	1	0	1243	1	0	1293	1	0	1343	1	0	1393	1	0	0	0	0	0	0	0	0	0	0	0	0	0	0	0	0	0	0	0	0	0	0	0	0	0	0	0	0	0	0	0	0	0	0	0	0	0	0	0	0	0	0	0	0	0	0	0	0	0	0	0	0	
62172	엘리-세르(벨트헨)	0	2	11043	1	0	11093	1	0	11143	1	0	11193	1	0	11243	1	0	11293	1	0	11343	1	0	11393	1	0	0	0	0	0	0	0	0	0	0	0	0	0	0	0	0	0	0	0	0	0	0	0	0	0	0	0	0	0	0	0	0	0	0	0	0	0	0	0	0	0	0	0	0	0	0	0	0	0	0	0	0	
62172	엘리-세르(벨트헨)	0	3	21043	1	0	21093	1	0	21143	1	0	21193	1	0	21243	1	0	21293	1	0	21343	1	0	21393	1	0	0	0	0	0	0	0	0	0	0	0	0	0	0	0	0	0	0	0	0	0	0	0	0	0	0	0	0	0	0	0	0	0	0	0	0	0	0	0	0	0	0	0	0	0	0	0	0	0	0	0	0	
62172	엘리-세르(벨트헨)	0	4	31043	1	0	31093	1	0	31143	1	0	31193	1	0	31243	1	0	31293	1	0	31343	1	0	31393	1	0	0	0	0	0	0	0	0	0	0	0	0	0	0	0	0	0	0	0	0	0	0	0	0	0	0	0	0	0	0	0	0	0	0	0	0	0	0	0	0	0	0	0	0	0	0	0	0	0	0	0	0	
62157	잡화-우도	0	0	4001	1	0	4002	1	0	4193	1	0	6622	1	0	7241	1	0	3301	1	0	6741	1	0	7278	1	0	7279	1	0	7280	1	0	7281	1	0	7291	1	0	6951	1	0	6952	1	0	6953	1	0	6954	1	0	0	0	0	0	0	0	0	0	0	0	0	0	0	0	0	0	0	0	0	0	0	0	0	0	0	0	0	
62170	잡화-지볼트	0	0	4001	1	0	4002	1	0	4193	1	0	6622	1	0	7241	1	0	3301	1	0	6741	1	0	7278	1	0	7279	1	0	7280	1	0	7281	1	0	7291	1	0	6951	1	0	6952	1	0	6953	1	0	6954	1	0	0	0	0	0	0	0	0	0	0	0	0	0	0	0	0	0	0	0	0	0	0	0	0	0	0	0	0	
65424	비밀요원나리샤(랜덤)_비밀상점_벨트헨	0	0	48501	1	0	48505	1	0	48506	1	0	48507	1	0	48508	1	0	48509	1	0	48510	1	0	48511	1	0	48512	1	0	0	0	0	0	0	0	0	0	0	0	0	0	0	0	0	0	0	0	0	0	0	0	0	0	0	0	0	0	0	0	0	0	0	0	0	0	0	0	0	0	0	0	0	0	0	0	0	0	
//트링겔상인						0			0			0			0			0			0			0			0			0			0			0			0			0			0			0			0			0			0			0			0			0			0			0			0			0	
62004	버서커-노멀(트링겔)	0	0	4	1	0	10004	1	0	20004	1	0	30004	1	0	0	0	0	19	1	0	10019	1	0	20019	1	0	30019	1	0	0	0	0	0	0	0	0	0	0	0	0	0	0	0	0	0	0	0	0	0	0	0	0	0	0	0	0	0	0	0	0	0	0	0	0	0	0	0	0	0	0	0	0	0	0	0	0	0	
62004	버서커-노멀(트링겔)	0	1	1004	1	0	1054	1	0	1104	1	0	1154	1	0	1204	1	0	1254	1	0	1304	1	0	1354	1	0	0	0	0	0	0	0	0	0	0	0	0	0	0	0	0	0	0	0	0	0	0	0	0	0	0	0	0	0	0	0	0	0	0	0	0	0	0	0	0	0	0	0	0	0	0	0	0	0	0	0	0	
62004	버서커-노멀(트링겔)	0	2	11004	1	0	11054	1	0	11104	1	0	11154	1	0	11204	1	0	11254	1	0	11304	1	0	11354	1	0	0	0	0	0	0	0	0	0	0	0	0	0	0	0	0	0	0	0	0	0	0	0	0	0	0	0	0	0	0	0	0	0	0	0	0	0	0	0	0	0	0	0	0	0	0	0	0	0	0	0	0	
62004	버서커-노멀(트링겔)	0	3	21004	1	0	21054	1	0	21104	1	0	21154	1	0	21204	1	0	21254	1	0	21304	1	0	21354	1	0	0	0	0	0	0	0	0	0	0	0	0	0	0	0	0	0	0	0	0	0	0	0	0	0	0	0	0	0	0	0	0	0	0	0	0	0	0	0	0	0	0	0	0	0	0	0	0	0	0	0	0	
62004	버서커-노멀(트링겔)	0	4	31004	1	0	31054	1	0	31104	1	0	31154	1	0	31204	1	0	31254	1	0	31304	1	0	31354	1	0	0	0	0	0	0	0	0	0	0	0	0	0	0	0	0	0	0	0	0	0	0	0	0	0	0	0	0	0	0	0	0	0	0	0	0	0	0	0	0	0	0	0	0	0	0	0	0	0	0	0	0	
62005	드래곤-파브카(트링겔)	0	0	34	1	0	10034	1	0	20034	1	0	30034	1	0	0	0	0	49	1	0	10049	1	0	20049	1	0	30049	1	0	0	0	0	0	0	0	0	0	0	0	0	0	0	0	0	0	0	0	0	0	0	0	0	0	0	0	0	0	0	0	0	0	0	0	0	0	0	0	0	0	0	0	0	0	0	0	0	0	
62005	드래곤-파브카(트링겔)	0	1	1014	1	0	1064	1	0	1114	1	0	1164	1	0	1214	1	0	1264	1	0	1314	1	0	1364	1	0	0	0	0	0	0	0	0	0	0	0	0	0	0	0	0	0	0	0	0	0	0	0	0	0	0	0	0	0	0	0	0	0	0	0	0	0	0	0	0	0	0	0	0	0	0	0	0	0	0	0	0	
62005	드래곤-파브카(트링겔)	0	2	11014	1	0	11064	1	0	11114	1	0	11164	1	0	11214	1	0	11264	1	0	11314	1	0	11364	1	0	0	0	0	0	0	0	0	0	0	0	0	0	0	0	0	0	0	0	0	0	0	0	0	0	0	0	0	0	0	0	0	0	0	0	0	0	0	0	0	0	0	0	0	0	0	0	0	0	0	0	0	
62005	드래곤-파브카(트링겔)	0	3	21014	1	0	21064	1	0	21114	1	0	21164	1	0	21214	1	0	21264	1	0	21314	1	0	21364	1	0	0	0	0	0	0	0	0	0	0	0	0	0	0	0	0	0	0	0	0	0	0	0	0	0	0	0	0	0	0	0	0	0	0	0	0	0	0	0	0	0	0	0	0	0	0	0	0	0	0	0	0	
62005	드래곤-파브카(트링겔)	0	4	31014	1	0	31064	1	0	31114	1	0	31164	1	0	31214	1	0	31264	1	0	31314	1	0	31364	1	0	0	0	0	0	0	0	0	0	0	0	0	0	0	0	0	0	0	0	0	0	0	0	0	0	0	0	0	0	0	0	0	0	0	0	0	0	0	0	0	0	0	0	0	0	0	0	0	0	0	0	0	
62050	섀도우-고다드(트링겔)	0	0	64	1	0	10064	1	0	20064	1	0	30064	1	0	0	0	0	79	1	0	10079	1	0	20079	1	0	30079	1	0	0	0	0	0	0	0	0	0	0	0	0	0	0	0	0	0	0	0	0	0	0	0	0	0	0	0	0	0	0	0	0	0	0	0	0	0	0	0	0	0	0	0	0	0	0	0	0	0	
62050	섀도우-고다드(트링겔)	0	1	1024	1	0	1074	1	0	1124	1	0	1174	1	0	1224	1	0	1274	1	0	1324	1	0	1374	1	0	0	0	0	0	0	0	0	0	0	0	0	0	0	0	0	0	0	0	0	0	0	0	0	0	0	0	0	0	0	0	0	0	0	0	0	0	0	0	0	0	0	0	0	0	0	0	0	0	0	0	0	
62050	섀도우-고다드(트링겔)	0	2	11024	1	0	11074	1	0	11124	1	0	11174	1	0	11224	1	0	11274	1	0	11324	1	0	11374	1	0	0	0	0	0	0	0	0	0	0	0	0	0	0	0	0	0	0	0	0	0	0	0	0	0	0	0	0	0	0	0	0	0	0	0	0	0	0	0	0	0	0	0	0	0	0	0	0	0	0	0	0	
62050	섀도우-고다드(트링겔)	0	3	21024	1	0	21074	1	0	21124	1	0	21174	1	0	21224	1	0	21274	1	0	21324	1	0	21374	1	0	0	0	0	0	0	0	0	0	0	0	0	0	0	0	0	0	0	0	0	0	0	0	0	0	0	0	0	0	0	0	0	0	0	0	0	0	0	0	0	0	0	0	0	0	0	0	0	0	0	0	0	
62050	섀도우-고다드(트링겔)	0	4	31024	1	0	31074	1	0	31124	1	0	31174	1	0	31224	1	0	31274	1	0	31324	1	0	31374	1	0	0	0	0	0	0	0	0	0	0	0	0	0	0	0	0	0	0	0	0	0	0	0	0	0	0	0	0	0	0	0	0	0	0	0	0	0	0	0	0	0	0	0	0	0	0	0	0	0	0	0	0	
62002	발키리-이멜다(트링겔)	0	0	94	1	0	10094	1	0	20094	1	0	30094	1	0	0	0	0	109	1	0	10109	1	0	20109	1	0	30109	1	0	0	0	0	0	0	0	0	0	0	0	0	0	0	0	0	0	0	0	0	0	0	0	0	0	0	0	0	0	0	0	0	0	0	0	0	0	0	0	0	0	0	0	0	0	0	0	0	0	
62002	발키리-이멜다(트링겔)	0	1	1034	1	0	1084	1	0	1134	1	0	1184	1	0	1234	1	0	1284	1	0	1334	1	0	1384	1	0	0	0	0	0	0	0	0	0	0	0	0	0	0	0	0	0	0	0	0	0	0	0	0	0	0	0	0	0	0	0	0	0	0	0	0	0	0	0	0	0	0	0	0	0	0	0	0	0	0	0	0	
62002	발키리-이멜다(트링겔)	0	2	11034	1	0	11084	1	0	11134	1	0	11184	1	0	11234	1	0	11284	1	0	11334	1	0	11384	1	0	0	0	0	0	0	0	0	0	0	0	0	0	0	0	0	0	0	0	0	0	0	0	0	0	0	0	0	0	0	0	0	0	0	0	0	0	0	0	0	0	0	0	0	0	0	0	0	0	0	0	0	
62002	발키리-이멜다(트링겔)	0	3	21034	1	0	21084	1	0	21134	1	0	21184	1	0	21234	1	0	21284	1	0	21334	1	0	21384	1	0	0	0	0	0	0	0	0	0	0	0	0	0	0	0	0	0	0	0	0	0	0	0	0	0	0	0	0	0	0	0	0	0	0	0	0	0	0	0	0	0	0	0	0	0	0	0	0	0	0	0	0	
62002	발키리-이멜다(트링겔)	0	4	31034	1	0	31084	1	0	31134	1	0	31184	1	0	31234	1	0	31284	1	0	31334	1	0	31384	1	0	0	0	0	0	0	0	0	0	0	0	0	0	0	0	0	0	0	0	0	0	0	0	0	0	0	0	0	0	0	0	0	0	0	0	0	0	0	0	0	0	0	0	0	0	0	0	0	0	0	0	0	
62006	엘리-워터레인(트링겔)	0	0	140	1	0	10140	1	0	20140	1	0	30140	1	0	0	0	0	155	1	0	10155	1	0	20155	1	0	30155	1	0	0	0	0	0	0	0	0	0	0	0	0	0	0	0	0	0	0	0	0	0	0	0	0	0	0	0	0	0	0	0	0	0	0	0	0	0	0	0	0	0	0	0	0	0	0	0	0	0	
62006	엘리-워터레인(트링겔)	0	1	1044	1	0	1094	1	0	1144	1	0	1194	1	0	1244	1	0	1294	1	0	1344	1	0	1394	1	0	0	0	0	0	0	0	0	0	0	0	0	0	0	0	0	0	0	0	0	0	0	0	0	0	0	0	0	0	0	0	0	0	0	0	0	0	0	0	0	0	0	0	0	0	0	0	0	0	0	0	0	
62006	엘리-워터레인(트링겔)	0	2	11044	1	0	11094	1	0	11144	1	0	11194	1	0	11244	1	0	11294	1	0	11344	1	0	11394	1	0	0	0	0	0	0	0	0	0	0	0	0	0	0	0	0	0	0	0	0	0	0	0	0	0	0	0	0	0	0	0	0	0	0	0	0	0	0	0	0	0	0	0	0	0	0	0	0	0	0	0	0	
62006	엘리-워터레인(트링겔)	0	3	21044	1	0	21094	1	0	21144	1	0	21194	1	0	21244	1	0	21294	1	0	21344	1	0	21394	1	0	0	0	0	0	0	0	0	0	0	0	0	0	0	0	0	0	0	0	0	0	0	0	0	0	0	0	0	0	0	0	0	0	0	0	0	0	0	0	0	0	0	0	0	0	0	0	0	0	0	0	0	
62006	엘리-워터레인(트링겔)	0	4	31044	1	0	31094	1	0	31144	1	0	31194	1	0	31244	1	0	31294	1	0	31344	1	0	31394	1	0	0	0	0	0	0	0	0	0	0	0	0	0	0	0	0	0	0	0	0	0	0	0	0	0	0	0	0	0	0	0	0	0	0	0	0	0	0	0	0	0	0	0	0	0	0	0	0	0	0	0	0	
62026	버서커-하르테(트링겔)	0	0	5	1	0	10005	1	0	20005	1	0	30005	1	0	0	0	0	20	1	0	10020	1	0	20020	1	0	30020	1	0	0	0	0	0	0	0	0	0	0	0	0	0	0	0	0	0	0	0	0	0	0	0	0	0	0	0	0	0	0	0	0	0	0	0	0	0	0	0	0	0	0	0	0	0	0	0	0	0	
62026	버서커-하르테(트링겔)	0	1	1005	1	0	1055	1	0	1105	1	0	1155	1	0	1205	1	0	1255	1	0	1305	1	0	1355	1	0	0	0	0	0	0	0	0	0	0	0	0	0	0	0	0	0	0	0	0	0	0	0	0	0	0	0	0	0	0	0	0	0	0	0	0	0	0	0	0	0	0	0	0	0	0	0	0	0	0	0	0	
62026	버서커-하르테(트링겔)	0	2	11005	1	0	11055	1	0	11105	1	0	11155	1	0	11205	1	0	11255	1	0	11305	1	0	11355	1	0	0	0	0	0	0	0	0	0	0	0	0	0	0	0	0	0	0	0	0	0	0	0	0	0	0	0	0	0	0	0	0	0	0	0	0	0	0	0	0	0	0	0	0	0	0	0	0	0	0	0	0	
62026	버서커-하르테(트링겔)	0	3	21005	1	0	21055	1	0	21105	1	0	21155	1	0	21205	1	0	21255	1	0	21305	1	0	21355	1	0	0	0	0	0	0	0	0	0	0	0	0	0	0	0	0	0	0	0	0	0	0	0	0	0	0	0	0	0	0	0	0	0	0	0	0	0	0	0	0	0	0	0	0	0	0	0	0	0	0	0	0	
62026	버서커-하르테(트링겔)	0	4	31005	1	0	31055	1	0	31105	1	0	31155	1	0	31205	1	0	31255	1	0	31305	1	0	31355	1	0	0	0	0	0	0	0	0	0	0	0	0	0	0	0	0	0	0	0	0	0	0	0	0	0	0	0	0	0	0	0	0	0	0	0	0	0	0	0	0	0	0	0	0	0	0	0	0	0	0	0	0	
62023	드래곤-드레이언(트링겔)	0	0	35	1	0	10035	1	0	20035	1	0	30035	1	0	0	0	0	50	1	0	10050	1	0	20050	1	0	30050	1	0	0	0	0	0	0	0	0	0	0	0	0	0	0	0	0	0	0	0	0	0	0	0	0	0	0	0	0	0	0	0	0	0	0	0	0	0	0	0	0	0	0	0	0	0	0	0	0	0	
62023	드래곤-드레이언(트링겔)	0	1	1015	1	0	1065	1	0	1115	1	0	1165	1	0	1215	1	0	1265	1	0	1315	1	0	1365	1	0	0	0	0	0	0	0	0	0	0	0	0	0	0	0	0	0	0	0	0	0	0	0	0	0	0	0	0	0	0	0	0	0	0	0	0	0	0	0	0	0	0	0	0	0	0	0	0	0	0	0	0	
62023	드래곤-드레이언(트링겔)	0	2	11015	1	0	11065	1	0	11115	1	0	11165	1	0	11215	1	0	11265	1	0	11315	1	0	11365	1	0	0	0	0	0	0	0	0	0	0	0	0	0	0	0	0	0	0	0	0	0	0	0	0	0	0	0	0	0	0	0	0	0	0	0	0	0	0	0	0	0	0	0	0	0	0	0	0	0	0	0	0	
62023	드래곤-드레이언(트링겔)	0	3	21015	1	0	21065	1	0	21115	1	0	21165	1	0	21215	1	0	21265	1	0	21315	1	0	21365	1	0	0	0	0	0	0	0	0	0	0	0	0	0	0	0	0	0	0	0	0	0	0	0	0	0	0	0	0	0	0	0	0	0	0	0	0	0	0	0	0	0	0	0	0	0	0	0	0	0	0	0	0	
62023	드래곤-드레이언(트링겔)	0	4	31015	1	0	31065	1	0	31115	1	0	31165	1	0	31215	1	0	31265	1	0	31315	1	0	31365	1	0	0	0	0	0	0	0	0	0	0	0	0	0	0	0	0	0	0	0	0	0	0	0	0	0	0	0	0	0	0	0	0	0	0	0	0	0	0	0	0	0	0	0	0	0	0	0	0	0	0	0	0	
62117	섀도우-도허티(트링겔)	0	0	65	1	0	10065	1	0	20065	1	0	30065	1	0	0	0	0	80	1	0	10080	1	0	20080	1	0	30080	1	0	0	0	0	0	0	0	0	0	0	0	0	0	0	0	0	0	0	0	0	0	0	0	0	0	0	0	0	0	0	0	0	0	0	0	0	0	0	0	0	0	0	0	0	0	0	0	0	0	
62117	섀도우-도허티(트링겔)	0	1	1025	1	0	1075	1	0	1125	1	0	1175	1	0	1225	1	0	1275	1	0	1325	1	0	1375	1	0	0	0	0	0	0	0	0	0	0	0	0	0	0	0	0	0	0	0	0	0	0	0	0	0	0	0	0	0	0	0	0	0	0	0	0	0	0	0	0	0	0	0	0	0	0	0	0	0	0	0	0	
62117	섀도우-도허티(트링겔)	0	2	11025	1	0	11075	1	0	11125	1	0	11175	1	0	11225	1	0	11275	1	0	11325	1	0	11375	1	0	0	0	0	0	0	0	0	0	0	0	0	0	0	0	0	0	0	0	0	0	0	0	0	0	0	0	0	0	0	0	0	0	0	0	0	0	0	0	0	0	0	0	0	0	0	0	0	0	0	0	0	
62117	섀도우-도허티(트링겔)	0	3	21025	1	0	21075	1	0	21125	1	0	21175	1	0	21225	1	0	21275	1	0	21325	1	0	21375	1	0	0	0	0	0	0	0	0	0	0	0	0	0	0	0	0	0	0	0	0	0	0	0	0	0	0	0	0	0	0	0	0	0	0	0	0	0	0	0	0	0	0	0	0	0	0	0	0	0	0	0	0	
62117	섀도우-도허티(트링겔)	0	4	31025	1	0	31075	1	0	31125	1	0	31175	1	0	31225	1	0	31275	1	0	31325	1	0	31375	1	0	0	0	0	0	0	0	0	0	0	0	0	0	0	0	0	0	0	0	0	0	0	0	0	0	0	0	0	0	0	0	0	0	0	0	0	0	0	0	0	0	0	0	0	0	0	0	0	0	0	0	0	
62025	발키리-클레이(트링겔)	0	0	95	1	0	10095	1	0	20095	1	0	30095	1	0	0	0	0	110	1	0	10110	1	0	20110	1	0	30110	1	0	0	0	0	0	0	0	0	0	0	0	0	0	0	0	0	0	0	0	0	0	0	0	0	0	0	0	0	0	0	0	0	0	0	0	0	0	0	0	0	0	0	0	0	0	0	0	0	0	
62025	발키리-클레이(트링겔)	0	1	1035	1	0	1085	1	0	1135	1	0	1185	1	0	1235	1	0	1285	1	0	1335	1	0	1385	1	0	0	0	0	0	0	0	0	0	0	0	0	0	0	0	0	0	0	0	0	0	0	0	0	0	0	0	0	0	0	0	0	0	0	0	0	0	0	0	0	0	0	0	0	0	0	0	0	0	0	0	0	
62025	발키리-클레이(트링겔)	0	2	11035	1	0	11085	1	0	11135	1	0	11185	1	0	11235	1	0	11285	1	0	11335	1	0	11385	1	0	0	0	0	0	0	0	0	0	0	0	0	0	0	0	0	0	0	0	0	0	0	0	0	0	0	0	0	0	0	0	0	0	0	0	0	0	0	0	0	0	0	0	0	0	0	0	0	0	0	0	0	
62025	발키리-클레이(트링겔)	0	3	21035	1	0	21085	1	0	21135	1	0	21185	1	0	21235	1	0	21285	1	0	21335	1	0	21385	1	0	0	0	0	0	0	0	0	0	0	0	0	0	0	0	0	0	0	0	0	0	0	0	0	0	0	0	0	0	0	0	0	0	0	0	0	0	0	0	0	0	0	0	0	0	0	0	0	0	0	0	0	
62025	발키리-클레이(트링겔)	0	4	31035	1	0	31085	1	0	31135	1	0	31185	1	0	31235	1	0	31285	1	0	31335	1	0	31385	1	0	0	0	0	0	0	0	0	0	0	0	0	0	0	0	0	0	0	0	0	0	0	0	0	0	0	0	0	0	0	0	0	0	0	0	0	0	0	0	0	0	0	0	0	0	0	0	0	0	0	0	0	
62024	엘리-미노(트링겔)	0	0	141	1	0	10141	1	0	20141	1	0	30141	1	0	0	0	0	156	1	0	10156	1	0	20156	1	0	30156	1	0	0	0	0	0	0	0	0	0	0	0	0	0	0	0	0	0	0	0	0	0	0	0	0	0	0	0	0	0	0	0	0	0	0	0	0	0	0	0	0	0	0	0	0	0	0	0	0	0	
62024	엘리-미노(트링겔)	0	1	1045	1	0	1095	1	0	1145	1	0	1195	1	0	1245	1	0	1295	1	0	1345	1	0	1395	1	0	0	0	0	0	0	0	0	0	0	0	0	0	0	0	0	0	0	0	0	0	0	0	0	0	0	0	0	0	0	0	0	0	0	0	0	0	0	0	0	0	0	0	0	0	0	0	0	0	0	0	0	
62024	엘리-미노(트링겔)	0	2	11045	1	0	11095	1	0	11145	1	0	11195	1	0	11245	1	0	11295	1	0	11345	1	0	11395	1	0	0	0	0	0	0	0	0	0	0	0	0	0	0	0	0	0	0	0	0	0	0	0	0	0	0	0	0	0	0	0	0	0	0	0	0	0	0	0	0	0	0	0	0	0	0	0	0	0	0	0	0	
62024	엘리-미노(트링겔)	0	3	21045	1	0	21095	1	0	21145	1	0	21195	1	0	21245	1	0	21295	1	0	21345	1	0	21395	1	0	0	0	0	0	0	0	0	0	0	0	0	0	0	0	0	0	0	0	0	0	0	0	0	0	0	0	0	0	0	0	0	0	0	0	0	0	0	0	0	0	0	0	0	0	0	0	0	0	0	0	0	
62024	엘리-미노(트링겔)	0	4	31045	1	0	31095	1	0	31145	1	0	31195	1	0	31245	1	0	31295	1	0	31345	1	0	31395	1	0	0	0	0	0	0	0	0	0	0	0	0	0	0	0	0	0	0	0	0	0	0	0	0	0	0	0	0	0	0	0	0	0	0	0	0	0	0	0	0	0	0	0	0	0	0	0	0	0	0	0	0	
62007	드웨인(트링겔)	0	0	4001	1	0	4002	1	0	4193	1	0	6622	1	0	7241	1	0	3301	1	0	6741	1	0	7278	1	0	7279	1	0	7280	1	0	7281	1	0	7291	1	0	6951	1	0	6952	1	0	6953	1	0	6954	1	0	0	0	0	0	0	0	0	0	0	0	0	0	0	0	0	0	0	0	0	0	0	0	0	0	0	0	0	
62022	라만	0	0	4001	1	0	4002	1	0	4193	1	0	6622	1	0	7241	1	0	3301	1	0	6741	1	0	7278	1	0	7279	1	0	7280	1	0	7281	1	0	7291	1	0	6951	1	0	6952	1	0	6953	1	0	6954	1	0	0	0	0	0	0	0	0	0	0	0	0	0	0	0	0	0	0	0	0	0	0	0	0	0	0	0	0	
65423	비밀요원나리샤(랜덤)_비밀상점_벨트헨	0	0	48501	1	0	48505	1	0	48506	1	0	48507	1	0	48508	1	0	48509	1	0	48510	1	0	48511	1	0	48512	1	0	0	0	0	0	0	0	0	0	0	0	0	0	0	0	0	0	0	0	0	0	0	0	0	0	0	0	0	0	0	0	0	0	0	0	0	0	0	0	0	0	0	0	0	0	0	0	0	0	
//에텔레인상인						0			0			0			0			0			0			0			0			0			0			0			0			0			0			0			0			0			0			0			0			0			0			0			0			0	
62051	버서커-니힐(에텔레인)	0	0	6	1	0	10006	1	0	20006	1	0	30006	1	0	0	0	0	21	1	0	10021	1	0	20021	1	0	30021	1	0	0	0	0	0	0	0	0	0	0	0	0	0	0	0	0	0	0	0	0	0	0	0	0	0	0	0	0	0	0	0	0	0	0	0	0	0	0	0	0	0	0	0	0	0	0	0	0	0	
62051	버서커-니힐(에텔레인)	0	1	1006	1	0	1056	1	0	1106	1	0	1156	1	0	1206	1	0	1256	1	0	1306	1	0	1356	1	0	0	0	0	0	0	0	0	0	0	0	0	0	0	0	0	0	0	0	0	0	0	0	0	0	0	0	0	0	0	0	0	0	0	0	0	0	0	0	0	0	0	0	0	0	0	0	0	0	0	0	0	
62051	버서커-니힐(에텔레인)	0	2	11006	1	0	11056	1	0	11106	1	0	11156	1	0	11206	1	0	11256	1	0	11306	1	0	11356	1	0	0	0	0	0	0	0	0	0	0	0	0	0	0	0	0	0	0	0	0	0	0	0	0	0	0	0	0	0	0	0	0	0	0	0	0	0	0	0	0	0	0	0	0	0	0	0	0	0	0	0	0	
62051	버서커-니힐(에텔레인)	0	3	21006	1	0	21056	1	0	21106	1	0	21156	1	0	21206	1	0	21256	1	0	21306	1	0	21356	1	0	0	0	0	0	0	0	0	0	0	0	0	0	0	0	0	0	0	0	0	0	0	0	0	0	0	0	0	0	0	0	0	0	0	0	0	0	0	0	0	0	0	0	0	0	0	0	0	0	0	0	0	
62051	버서커-니힐(에텔레인)	0	4	31006	1	0	31056	1	0	31106	1	0	31156	1	0	31206	1	0	31256	1	0	31306	1	0	31356	1	0	0	0	0	0	0	0	0	0	0	0	0	0	0	0	0	0	0	0	0	0	0	0	0	0	0	0	0	0	0	0	0	0	0	0	0	0	0	0	0	0	0	0	0	0	0	0	0	0	0	0	0	
62054	드래곤-나훔(에텔레인)	0	0	36	1	0	10036	1	0	20036	1	0	30036	1	0	0	0	0	51	1	0	10051	1	0	20051	1	0	30051	1	0	0	0	0	0	0	0	0	0	0	0	0	0	0	0	0	0	0	0	0	0	0	0	0	0	0	0	0	0	0	0	0	0	0	0	0	0	0	0	0	0	0	0	0	0	0	0	0	0	
62054	드래곤-나훔(에텔레인)	0	1	1016	1	0	1066	1	0	1116	1	0	1166	1	0	1216	1	0	1266	1	0	1316	1	0	1366	1	0	0	0	0	0	0	0	0	0	0	0	0	0	0	0	0	0	0	0	0	0	0	0	0	0	0	0	0	0	0	0	0	0	0	0	0	0	0	0	0	0	0	0	0	0	0	0	0	0	0	0	0	
62054	드래곤-나훔(에텔레인)	0	2	11016	1	0	11066	1	0	11116	1	0	11166	1	0	11216	1	0	11266	1	0	11316	1	0	11366	1	0	0	0	0	0	0	0	0	0	0	0	0	0	0	0	0	0	0	0	0	0	0	0	0	0	0	0	0	0	0	0	0	0	0	0	0	0	0	0	0	0	0	0	0	0	0	0	0	0	0	0	0	
62054	드래곤-나훔(에텔레인)	0	3	21016	1	0	21066	1	0	21116	1	0	21166	1	0	21216	1	0	21266	1	0	21316	1	0	21366	1	0	0	0	0	0	0	0	0	0	0	0	0	0	0	0	0	0	0	0	0	0	0	0	0	0	0	0	0	0	0	0	0	0	0	0	0	0	0	0	0	0	0	0	0	0	0	0	0	0	0	0	0	
62054	드래곤-나훔(에텔레인)	0	4	31016	1	0	31066	1	0	31116	1	0	31166	1	0	31216	1	0	31266	1	0	31316	1	0	31366	1	0	0	0	0	0	0	0	0	0	0	0	0	0	0	0	0	0	0	0	0	0	0	0	0	0	0	0	0	0	0	0	0	0	0	0	0	0	0	0	0	0	0	0	0	0	0	0	0	0	0	0	0	
62118	섀도우-프랜시스(에텔레인)	0	0	66	1	0	10066	1	0	20066	1	0	30066	1	0	0	0	0	81	1	0	10081	1	0	20081	1	0	30081	1	0	0	0	0	0	0	0	0	0	0	0	0	0	0	0	0	0	0	0	0	0	0	0	0	0	0	0	0	0	0	0	0	0	0	0	0	0	0	0	0	0	0	0	0	0	0	0	0	0	
62118	섀도우-프랜시스(에텔레인)	0	1	1026	1	0	1076	1	0	1126	1	0	1176	1	0	1226	1	0	1276	1	0	1326	1	0	1376	1	0	0	0	0	0	0	0	0	0	0	0	0	0	0	0	0	0	0	0	0	0	0	0	0	0	0	0	0	0	0	0	0	0	0	0	0	0	0	0	0	0	0	0	0	0	0	0	0	0	0	0	0	
62118	섀도우-프랜시스(에텔레인)	0	2	11026	1	0	11076	1	0	11126	1	0	11176	1	0	11226	1	0	11276	1	0	11326	1	0	11376	1	0	0	0	0	0	0	0	0	0	0	0	0	0	0	0	0	0	0	0	0	0	0	0	0	0	0	0	0	0	0	0	0	0	0	0	0	0	0	0	0	0	0	0	0	0	0	0	0	0	0	0	0	
62118	섀도우-프랜시스(에텔레인)	0	3	21026	1	0	21076	1	0	21126	1	0	21176	1	0	21226	1	0	21276	1	0	21326	1	0	21376	1	0	0	0	0	0	0	0	0	0	0	0	0	0	0	0	0	0	0	0	0	0	0	0	0	0	0	0	0	0	0	0	0	0	0	0	0	0	0	0	0	0	0	0	0	0	0	0	0	0	0	0	0	
62118	섀도우-프랜시스(에텔레인)	0	4	31026	1	0	31076	1	0	31126	1	0	31176	1	0	31226	1	0	31276	1	0	31326	1	0	31376	1	0	0	0	0	0	0	0	0	0	0	0	0	0	0	0	0	0	0	0	0	0	0	0	0	0	0	0	0	0	0	0	0	0	0	0	0	0	0	0	0	0	0	0	0	0	0	0	0	0	0	0	0	
62057	발키리-라비나(에텔레인)	0	0	96	1	0	10096	1	0	20096	1	0	30096	1	0	0	0	0	111	1	0	10111	1	0	20111	1	0	30111	1	0	0	0	0	0	0	0	0	0	0	0	0	0	0	0	0	0	0	0	0	0	0	0	0	0	0	0	0	0	0	0	0	0	0	0	0	0	0	0	0	0	0	0	0	0	0	0	0	0	
62057	발키리-라비나(에텔레인)	0	1	1036	1	0	1086	1	0	1136	1	0	1186	1	0	1236	1	0	1286	1	0	1336	1	0	1386	1	0	0	0	0	0	0	0	0	0	0	0	0	0	0	0	0	0	0	0	0	0	0	0	0	0	0	0	0	0	0	0	0	0	0	0	0	0	0	0	0	0	0	0	0	0	0	0	0	0	0	0	0	
62057	발키리-라비나(에텔레인)	0	2	11036	1	0	11086	1	0	11136	1	0	11186	1	0	11236	1	0	11286	1	0	11336	1	0	11386	1	0	0	0	0	0	0	0	0	0	0	0	0	0	0	0	0	0	0	0	0	0	0	0	0	0	0	0	0	0	0	0	0	0	0	0	0	0	0	0	0	0	0	0	0	0	0	0	0	0	0	0	0	
62057	발키리-라비나(에텔레인)	0	3	21036	1	0	21086	1	0	21136	1	0	21186	1	0	21236	1	0	21286	1	0	21336	1	0	21386	1	0	0	0	0	0	0	0	0	0	0	0	0	0	0	0	0	0	0	0	0	0	0	0	0	0	0	0	0	0	0	0	0	0	0	0	0	0	0	0	0	0	0	0	0	0	0	0	0	0	0	0	0	
62057	발키리-라비나(에텔레인)	0	4	31036	1	0	31086	1	0	31136	1	0	31186	1	0	31236	1	0	31286	1	0	31336	1	0	31386	1	0	0	0	0	0	0	0	0	0	0	0	0	0	0	0	0	0	0	0	0	0	0	0	0	0	0	0	0	0	0	0	0	0	0	0	0	0	0	0	0	0	0	0	0	0	0	0	0	0	0	0	0	
62060	엘리-베스티아(에텔레인)	0	0	142	1	0	10142	1	0	20142	1	0	30142	1	0	0	0	0	157	1	0	10157	1	0	20157	1	0	30157	1	0	0	0	0	0	0	0	0	0	0	0	0	0	0	0	0	0	0	0	0	0	0	0	0	0	0	0	0	0	0	0	0	0	0	0	0	0	0	0	0	0	0	0	0	0	0	0	0	0	
62060	엘리-베스티아(에텔레인)	0	1	1046	1	0	1096	1	0	1146	1	0	1196	1	0	1246	1	0	1296	1	0	1346	1	0	1396	1	0	0	0	0	0	0	0	0	0	0	0	0	0	0	0	0	0	0	0	0	0	0	0	0	0	0	0	0	0	0	0	0	0	0	0	0	0	0	0	0	0	0	0	0	0	0	0	0	0	0	0	0	
62060	엘리-베스티아(에텔레인)	0	2	11046	1	0	11096	1	0	11146	1	0	11196	1	0	11246	1	0	11296	1	0	11346	1	0	11396	1	0	0	0	0	0	0	0	0	0	0	0	0	0	0	0	0	0	0	0	0	0	0	0	0	0	0	0	0	0	0	0	0	0	0	0	0	0	0	0	0	0	0	0	0	0	0	0	0	0	0	0	0	
62060	엘리-베스티아(에텔레인)	0	3	21046	1	0	21096	1	0	21146	1	0	21196	1	0	21246	1	0	21296	1	0	21346	1	0	21396	1	0	0	0	0	0	0	0	0	0	0	0	0	0	0	0	0	0	0	0	0	0	0	0	0	0	0	0	0	0	0	0	0	0	0	0	0	0	0	0	0	0	0	0	0	0	0	0	0	0	0	0	0	
62060	엘리-베스티아(에텔레인)	0	4	31046	1	0	31096	1	0	31146	1	0	31196	1	0	31246	1	0	31296	1	0	31346	1	0	31396	1	0	0	0	0	0	0	0	0	0	0	0	0	0	0	0	0	0	0	0	0	0	0	0	0	0	0	0	0	0	0	0	0	0	0	0	0	0	0	0	0	0	0	0	0	0	0	0	0	0	0	0	0	
62052	버서커-오터(에텔레인)	0	0	7	1	0	10007	1	0	20007	1	0	30007	1	0	0	0	0	22	1	0	10022	1	0	20022	1	0	30022	1	0	0	0	0	0	0	0	0	0	0	0	0	0	0	0	0	0	0	0	0	0	0	0	0	0	0	0	0	0	0	0	0	0	0	0	0	0	0	0	0	0	0	0	0	0	0	0	0	0	
62052	버서커-오터(에텔레인)	0	1	1007	1	0	1057	1	0	1107	1	0	1157	1	0	1207	1	0	1257	1	0	1307	1	0	1357	1	0	0	0	0	0	0	0	0	0	0	0	0	0	0	0	0	0	0	0	0	0	0	0	0	0	0	0	0	0	0	0	0	0	0	0	0	0	0	0	0	0	0	0	0	0	0	0	0	0	0	0	0	
62052	버서커-오터(에텔레인)	0	2	11007	1	0	11057	1	0	11107	1	0	11157	1	0	11207	1	0	11257	1	0	11307	1	0	11357	1	0	0	0	0	0	0	0	0	0	0	0	0	0	0	0	0	0	0	0	0	0	0	0	0	0	0	0	0	0	0	0	0	0	0	0	0	0	0	0	0	0	0	0	0	0	0	0	0	0	0	0	0	
62052	버서커-오터(에텔레인)	0	3	21007	1	0	21057	1	0	21107	1	0	21157	1	0	21207	1	0	21257	1	0	21307	1	0	21357	1	0	0	0	0	0	0	0	0	0	0	0	0	0	0	0	0	0	0	0	0	0	0	0	0	0	0	0	0	0	0	0	0	0	0	0	0	0	0	0	0	0	0	0	0	0	0	0	0	0	0	0	0	
62052	버서커-오터(에텔레인)	0	4	31007	1	0	31057	1	0	31107	1	0	31157	1	0	31207	1	0	31257	1	0	31307	1	0	31357	1	0	0	0	0	0	0	0	0	0	0	0	0	0	0	0	0	0	0	0	0	0	0	0	0	0	0	0	0	0	0	0	0	0	0	0	0	0	0	0	0	0	0	0	0	0	0	0	0	0	0	0	0	
62055	드래곤-오비스(에텔레인)	0	0	37	1	0	10037	1	0	20037	1	0	30037	1	0	0	0	0	52	1	0	10052	1	0	20052	1	0	30052	1	0	0	0	0	0	0	0	0	0	0	0	0	0	0	0	0	0	0	0	0	0	0	0	0	0	0	0	0	0	0	0	0	0	0	0	0	0	0	0	0	0	0	0	0	0	0	0	0	0	
62055	드래곤-오비스(에텔레인)	0	1	1017	1	0	1067	1	0	1117	1	0	1167	1	0	1217	1	0	1267	1	0	1317	1	0	1367	1	0	0	0	0	0	0	0	0	0	0	0	0	0	0	0	0	0	0	0	0	0	0	0	0	0	0	0	0	0	0	0	0	0	0	0	0	0	0	0	0	0	0	0	0	0	0	0	0	0	0	0	0	
62055	드래곤-오비스(에텔레인)	0	2	11017	1	0	11067	1	0	11117	1	0	11167	1	0	11217	1	0	11267	1	0	11317	1	0	11367	1	0	0	0	0	0	0	0	0	0	0	0	0	0	0	0	0	0	0	0	0	0	0	0	0	0	0	0	0	0	0	0	0	0	0	0	0	0	0	0	0	0	0	0	0	0	0	0	0	0	0	0	0	
62055	드래곤-오비스(에텔레인)	0	3	21017	1	0	21067	1	0	21117	1	0	21167	1	0	21217	1	0	21267	1	0	21317	1	0	21367	1	0	0	0	0	0	0	0	0	0	0	0	0	0	0	0	0	0	0	0	0	0	0	0	0	0	0	0	0	0	0	0	0	0	0	0	0	0	0	0	0	0	0	0	0	0	0	0	0	0	0	0	0	
62055	드래곤-오비스(에텔레인)	0	4	31017	1	0	31067	1	0	31117	1	0	31167	1	0	31217	1	0	31267	1	0	31317	1	0	31367	1	0	0	0	0	0	0	0	0	0	0	0	0	0	0	0	0	0	0	0	0	0	0	0	0	0	0	0	0	0	0	0	0	0	0	0	0	0	0	0	0	0	0	0	0	0	0	0	0	0	0	0	0	
62119	섀도우-베르나르(에텔레인)	0	0	67	1	0	10067	1	0	20067	1	0	30067	1	0	0	0	0	82	1	0	10082	1	0	20082	1	0	30082	1	0	0	0	0	0	0	0	0	0	0	0	0	0	0	0	0	0	0	0	0	0	0	0	0	0	0	0	0	0	0	0	0	0	0	0	0	0	0	0	0	0	0	0	0	0	0	0	0	0	
62119	섀도우-베르나르(에텔레인)	0	1	1027	1	0	1077	1	0	1127	1	0	1177	1	0	1227	1	0	1277	1	0	1327	1	0	1377	1	0	0	0	0	0	0	0	0	0	0	0	0	0	0	0	0	0	0	0	0	0	0	0	0	0	0	0	0	0	0	0	0	0	0	0	0	0	0	0	0	0	0	0	0	0	0	0	0	0	0	0	0	
62119	섀도우-베르나르(에텔레인)	0	2	11027	1	0	11077	1	0	11127	1	0	11177	1	0	11227	1	0	11277	1	0	11327	1	0	11377	1	0	0	0	0	0	0	0	0	0	0	0	0	0	0	0	0	0	0	0	0	0	0	0	0	0	0	0	0	0	0	0	0	0	0	0	0	0	0	0	0	0	0	0	0	0	0	0	0	0	0	0	0	
62119	섀도우-베르나르(에텔레인)	0	3	21027	1	0	21077	1	0	21127	1	0	21177	1	0	21227	1	0	21277	1	0	21327	1	0	21377	1	0	0	0	0	0	0	0	0	0	0	0	0	0	0	0	0	0	0	0	0	0	0	0	0	0	0	0	0	0	0	0	0	0	0	0	0	0	0	0	0	0	0	0	0	0	0	0	0	0	0	0	0	
62119	섀도우-베르나르(에텔레인)	0	4	31027	1	0	31077	1	0	31127	1	0	31177	1	0	31227	1	0	31277	1	0	31327	1	0	31377	1	0	0	0	0	0	0	0	0	0	0	0	0	0	0	0	0	0	0	0	0	0	0	0	0	0	0	0	0	0	0	0	0	0	0	0	0	0	0	0	0	0	0	0	0	0	0	0	0	0	0	0	0	
62058	발키리-안나(에텔레인)	0	0	97	1	0	10097	1	0	20097	1	0	30097	1	0	0	0	0	112	1	0	10112	1	0	20112	1	0	30112	1	0	0	0	0	0	0	0	0	0	0	0	0	0	0	0	0	0	0	0	0	0	0	0	0	0	0	0	0	0	0	0	0	0	0	0	0	0	0	0	0	0	0	0	0	0	0	0	0	0	
62058	발키리-안나(에텔레인)	0	1	1037	1	0	1087	1	0	1137	1	0	1187	1	0	1237	1	0	1287	1	0	1337	1	0	1387	1	0	0	0	0	0	0	0	0	0	0	0	0	0	0	0	0	0	0	0	0	0	0	0	0	0	0	0	0	0	0	0	0	0	0	0	0	0	0	0	0	0	0	0	0	0	0	0	0	0	0	0	0	
62058	발키리-안나(에텔레인)	0	2	11037	1	0	11087	1	0	11137	1	0	11187	1	0	11237	1	0	11287	1	0	11337	1	0	11387	1	0	0	0	0	0	0	0	0	0	0	0	0	0	0	0	0	0	0	0	0	0	0	0	0	0	0	0	0	0	0	0	0	0	0	0	0	0	0	0	0	0	0	0	0	0	0	0	0	0	0	0	0	
62058	발키리-안나(에텔레인)	0	3	21037	1	0	21087	1	0	21137	1	0	21187	1	0	21237	1	0	21287	1	0	21337	1	0	21387	1	0	0	0	0	0	0	0	0	0	0	0	0	0	0	0	0	0	0	0	0	0	0	0	0	0	0	0	0	0	0	0	0	0	0	0	0	0	0	0	0	0	0	0	0	0	0	0	0	0	0	0	0	
62058	발키리-안나(에텔레인)	0	4	31037	1	0	31087	1	0	31137	1	0	31187	1	0	31237	1	0	31287	1	0	31337	1	0	31387	1	0	0	0	0	0	0	0	0	0	0	0	0	0	0	0	0	0	0	0	0	0	0	0	0	0	0	0	0	0	0	0	0	0	0	0	0	0	0	0	0	0	0	0	0	0	0	0	0	0	0	0	0	
62061	엘리-아리에스(에텔레인)	0	0	143	1	0	10143	1	0	20143	1	0	30143	1	0	0	0	0	158	1	0	10158	1	0	20158	1	0	30158	1	0	0	0	0	0	0	0	0	0	0	0	0	0	0	0	0	0	0	0	0	0	0	0	0	0	0	0	0	0	0	0	0	0	0	0	0	0	0	0	0	0	0	0	0	0	0	0	0	0	
62061	엘리-아리에스(에텔레인)	0	1	1047	1	0	1097	1	0	1147	1	0	1197	1	0	1247	1	0	1297	1	0	1347	1	0	1397	1	0	0	0	0	0	0	0	0	0	0	0	0	0	0	0	0	0	0	0	0	0	0	0	0	0	0	0	0	0	0	0	0	0	0	0	0	0	0	0	0	0	0	0	0	0	0	0	0	0	0	0	0	
62061	엘리-아리에스(에텔레인)	0	2	11047	1	0	11097	1	0	11147	1	0	11197	1	0	11247	1	0	11297	1	0	11347	1	0	11397	1	0	0	0	0	0	0	0	0	0	0	0	0	0	0	0	0	0	0	0	0	0	0	0	0	0	0	0	0	0	0	0	0	0	0	0	0	0	0	0	0	0	0	0	0	0	0	0	0	0	0	0	0	
62061	엘리-아리에스(에텔레인)	0	3	21047	1	0	21097	1	0	21147	1	0	21197	1	0	21247	1	0	21297	1	0	21347	1	0	21397	1	0	0	0	0	0	0	0	0	0	0	0	0	0	0	0	0	0	0	0	0	0	0	0	0	0	0	0	0	0	0	0	0	0	0	0	0	0	0	0	0	0	0	0	0	0	0	0	0	0	0	0	0	
62061	엘리-아리에스(에텔레인)	0	4	31047	1	0	31097	1	0	31147	1	0	31197	1	0	31247	1	0	31297	1	0	31347	1	0	31397	1	0	0	0	0	0	0	0	0	0	0	0	0	0	0	0	0	0	0	0	0	0	0	0	0	0	0	0	0	0	0	0	0	0	0	0	0	0	0	0	0	0	0	0	0	0	0	0	0	0	0	0	0	
62053	버서커-클라우드(에텔레인)	0	0	8	1	0	10008	1	0	20008	1	0	30008	1	0	0	0	0	23	1	0	10023	1	0	20023	1	0	30023	1	0	0	0	0	0	0	0	0	0	0	0	0	0	0	0	0	0	0	0	0	0	0	0	0	0	0	0	0	0	0	0	0	0	0	0	0	0	0	0	0	0	0	0	0	0	0	0	0	0	
62053	버서커-클라우드(에텔레인)	0	1	1008	1	0	1058	1	0	1108	1	0	1158	1	0	1208	1	0	1258	1	0	1308	1	0	1358	1	0	0	0	0	0	0	0	0	0	0	0	0	0	0	0	0	0	0	0	0	0	0	0	0	0	0	0	0	0	0	0	0	0	0	0	0	0	0	0	0	0	0	0	0	0	0	0	0	0	0	0	0	
62053	버서커-클라우드(에텔레인)	0	2	11008	1	0	11058	1	0	11108	1	0	11158	1	0	11208	1	0	11258	1	0	11308	1	0	11358	1	0	0	0	0	0	0	0	0	0	0	0	0	0	0	0	0	0	0	0	0	0	0	0	0	0	0	0	0	0	0	0	0	0	0	0	0	0	0	0	0	0	0	0	0	0	0	0	0	0	0	0	0	
62053	버서커-클라우드(에텔레인)	0	3	21008	1	0	21058	1	0	21108	1	0	21158	1	0	21208	1	0	21258	1	0	21308	1	0	21358	1	0	0	0	0	0	0	0	0	0	0	0	0	0	0	0	0	0	0	0	0	0	0	0	0	0	0	0	0	0	0	0	0	0	0	0	0	0	0	0	0	0	0	0	0	0	0	0	0	0	0	0	0	
62053	버서커-클라우드(에텔레인)	0	4	31008	1	0	31058	1	0	31108	1	0	31158	1	0	31208	1	0	31258	1	0	31308	1	0	31358	1	0	0	0	0	0	0	0	0	0	0	0	0	0	0	0	0	0	0	0	0	0	0	0	0	0	0	0	0	0	0	0	0	0	0	0	0	0	0	0	0	0	0	0	0	0	0	0	0	0	0	0	0	
62056	드래곤-세페르(에텔레인)	0	0	38	1	0	10038	1	0	20038	1	0	30038	1	0	0	0	0	53	1	0	10053	1	0	20053	1	0	30053	1	0	0	0	0	0	0	0	0	0	0	0	0	0	0	0	0	0	0	0	0	0	0	0	0	0	0	0	0	0	0	0	0	0	0	0	0	0	0	0	0	0	0	0	0	0	0	0	0	0	
62056	드래곤-세페르(에텔레인)	0	1	1018	1	0	1068	1	0	1118	1	0	1168	1	0	1218	1	0	1268	1	0	1318	1	0	1368	1	0	0	0	0	0	0	0	0	0	0	0	0	0	0	0	0	0	0	0	0	0	0	0	0	0	0	0	0	0	0	0	0	0	0	0	0	0	0	0	0	0	0	0	0	0	0	0	0	0	0	0	0	
62056	드래곤-세페르(에텔레인)	0	2	11018	1	0	11068	1	0	11118	1	0	11168	1	0	11218	1	0	11268	1	0	11318	1	0	11368	1	0	0	0	0	0	0	0	0	0	0	0	0	0	0	0	0	0	0	0	0	0	0	0	0	0	0	0	0	0	0	0	0	0	0	0	0	0	0	0	0	0	0	0	0	0	0	0	0	0	0	0	0	
62056	드래곤-세페르(에텔레인)	0	3	21018	1	0	21068	1	0	21118	1	0	21168	1	0	21218	1	0	21268	1	0	21318	1	0	21368	1	0	0	0	0	0	0	0	0	0	0	0	0	0	0	0	0	0	0	0	0	0	0	0	0	0	0	0	0	0	0	0	0	0	0	0	0	0	0	0	0	0	0	0	0	0	0	0	0	0	0	0	0	
62056	드래곤-세페르(에텔레인)	0	4	31018	1	0	31068	1	0	31118	1	0	31168	1	0	31218	1	0	31268	1	0	31318	1	0	31368	1	0	0	0	0	0	0	0	0	0	0	0	0	0	0	0	0	0	0	0	0	0	0	0	0	0	0	0	0	0	0	0	0	0	0	0	0	0	0	0	0	0	0	0	0	0	0	0	0	0	0	0	0	
62120	섀도우-개브리얼(에텔레인)	0	0	68	1	0	10068	1	0	20068	1	0	30068	1	0	0	0	0	83	1	0	10083	1	0	20083	1	0	30083	1	0	0	0	0	0	0	0	0	0	0	0	0	0	0	0	0	0	0	0	0	0	0	0	0	0	0	0	0	0	0	0	0	0	0	0	0	0	0	0	0	0	0	0	0	0	0	0	0	0	
62120	섀도우-개브리얼(에텔레인)	0	1	1028	1	0	1078	1	0	1128	1	0	1178	1	0	1228	1	0	1278	1	0	1328	1	0	1378	1	0	0	0	0	0	0	0	0	0	0	0	0	0	0	0	0	0	0	0	0	0	0	0	0	0	0	0	0	0	0	0	0	0	0	0	0	0	0	0	0	0	0	0	0	0	0	0	0	0	0	0	0	
62120	섀도우-개브리얼(에텔레인)	0	2	11028	1	0	11078	1	0	11128	1	0	11178	1	0	11228	1	0	11278	1	0	11328	1	0	11378	1	0	0	0	0	0	0	0	0	0	0	0	0	0	0	0	0	0	0	0	0	0	0	0	0	0	0	0	0	0	0	0	0	0	0	0	0	0	0	0	0	0	0	0	0	0	0	0	0	0	0	0	0	
62120	섀도우-개브리얼(에텔레인)	0	3	21028	1	0	21078	1	0	21128	1	0	21178	1	0	21228	1	0	21278	1	0	21328	1	0	21378	1	0	0	0	0	0	0	0	0	0	0	0	0	0	0	0	0	0	0	0	0	0	0	0	0	0	0	0	0	0	0	0	0	0	0	0	0	0	0	0	0	0	0	0	0	0	0	0	0	0	0	0	0	
62120	섀도우-개브리얼(에텔레인)	0	4	31028	1	0	31078	1	0	31128	1	0	31178	1	0	31228	1	0	31278	1	0	31328	1	0	31378	1	0	0	0	0	0	0	0	0	0	0	0	0	0	0	0	0	0	0	0	0	0	0	0	0	0	0	0	0	0	0	0	0	0	0	0	0	0	0	0	0	0	0	0	0	0	0	0	0	0	0	0	0	
62059	발키리-아샤(에텔레인)	0	0	98	1	0	10098	1	0	20098	1	0	30098	1	0	0	0	0	113	1	0	10113	1	0	20113	1	0	30113	1	0	0	0	0	0	0	0	0	0	0	0	0	0	0	0	0	0	0	0	0	0	0	0	0	0	0	0	0	0	0	0	0	0	0	0	0	0	0	0	0	0	0	0	0	0	0	0	0	0	
62059	발키리-아샤(에텔레인)	0	1	1038	1	0	1088	1	0	1138	1	0	1188	1	0	1238	1	0	1288	1	0	1338	1	0	1388	1	0	0	0	0	0	0	0	0	0	0	0	0	0	0	0	0	0	0	0	0	0	0	0	0	0	0	0	0	0	0	0	0	0	0	0	0	0	0	0	0	0	0	0	0	0	0	0	0	0	0	0	0	
62059	발키리-아샤(에텔레인)	0	2	11038	1	0	11088	1	0	11138	1	0	11188	1	0	11238	1	0	11288	1	0	11338	1	0	11388	1	0	0	0	0	0	0	0	0	0	0	0	0	0	0	0	0	0	0	0	0	0	0	0	0	0	0	0	0	0	0	0	0	0	0	0	0	0	0	0	0	0	0	0	0	0	0	0	0	0	0	0	0	
62059	발키리-아샤(에텔레인)	0	3	21038	1	0	21088	1	0	21138	1	0	21188	1	0	21238	1	0	21288	1	0	21338	1	0	21388	1	0	0	0	0	0	0	0	0	0	0	0	0	0	0	0	0	0	0	0	0	0	0	0	0	0	0	0	0	0	0	0	0	0	0	0	0	0	0	0	0	0	0	0	0	0	0	0	0	0	0	0	0	
62059	발키리-아샤(에텔레인)	0	4	31038	1	0	31088	1	0	31138	1	0	31188	1	0	31238	1	0	31288	1	0	31338	1	0	31388	1	0	0	0	0	0	0	0	0	0	0	0	0	0	0	0	0	0	0	0	0	0	0	0	0	0	0	0	0	0	0	0	0	0	0	0	0	0	0	0	0	0	0	0	0	0	0	0	0	0	0	0	0	
62062	엘리-시렌(에텔레인)	0	0	144	1	0	10144	1	0	20144	1	0	30144	1	0	0	0	0	159	1	0	10159	1	0	20159	1	0	30159	1	0	0	0	0	0	0	0	0	0	0	0	0	0	0	0	0	0	0	0	0	0	0	0	0	0	0	0	0	0	0	0	0	0	0	0	0	0	0	0	0	0	0	0	0	0	0	0	0	0	
62062	엘리-시렌(에텔레인)	0	1	1048	1	0	1098	1	0	1148	1	0	1198	1	0	1248	1	0	1298	1	0	1348	1	0	1398	1	0	0	0	0	0	0	0	0	0	0	0	0	0	0	0	0	0	0	0	0	0	0	0	0	0	0	0	0	0	0	0	0	0	0	0	0	0	0	0	0	0	0	0	0	0	0	0	0	0	0	0	0	
62062	엘리-시렌(에텔레인)	0	2	11048	1	0	11098	1	0	11148	1	0	11198	1	0	11248	1	0	11298	1	0	11348	1	0	11398	1	0	0	0	0	0	0	0	0	0	0	0	0	0	0	0	0	0	0	0	0	0	0	0	0	0	0	0	0	0	0	0	0	0	0	0	0	0	0	0	0	0	0	0	0	0	0	0	0	0	0	0	0	
62062	엘리-시렌(에텔레인)	0	3	21048	1	0	21098	1	0	21148	1	0	21198	1	0	21248	1	0	21298	1	0	21348	1	0	21398	1	0	0	0	0	0	0	0	0	0	0	0	0	0	0	0	0	0	0	0	0	0	0	0	0	0	0	0	0	0	0	0	0	0	0	0	0	0	0	0	0	0	0	0	0	0	0	0	0	0	0	0	0	
62062	엘리-시렌(에텔레인)	0	4	31048	1	0	31098	1	0	31148	1	0	31198	1	0	31248	1	0	31298	1	0	31348	1	0	31398	1	0	0	0	0	0	0	0	0	0	0	0	0	0	0	0	0	0	0	0	0	0	0	0	0	0	0	0	0	0	0	0	0	0	0	0	0	0	0	0	0	0	0	0	0	0	0	0	0	0	0	0	0	
62068	잡화-비토	0	0	4001	1	0	4002	1	0	4003	1	0	4193	1	0	6622	1	0	7241	1	0	3301	1	0	6741	1	0	7278	1	0	7279	1	0	7280	1	0	7281	1	0	7291	1	0	6951	1	0	6952	1	0	6953	1	0	6954	1	0	0	0	0	0	0	0	0	0	0	0	0	0	0	0	0	0	0	0	0	0	0	0	0	0	
62069	잡화-오트마	0	0	4001	1	0	4002	1	0	4003	1	0	4193	1	0	6622	1	0	7241	1	0	3301	1	0	6741	1	0	7278	1	0	7279	1	0	7280	1	0	7281	1	0	7291	1	0	6951	1	0	6952	1	0	6953	1	0	6954	1	0	0	0	0	0	0	0	0	0	0	0	0	0	0	0	0	0	0	0	0	0	0	0	0	0	
62070	잡화-만프레드	0	0	4001	1	0	4002	1	0	4003	1	0	4193	1	0	6622	1	0	7241	1	0	3301	1	0	6741	1	0	7278	1	0	7279	1	0	7280	1	0	7281	1	0	7291	1	0	6951	1	0	6952	1	0	6953	1	0	6954	1	0	0	0	0	0	0	0	0	0	0	0	0	0	0	0	0	0	0	0	0	0	0	0	0	0	
65425	비밀요원나리샤(랜덤)_비밀상점_벨트헨	0	0	48501	1	0	48505	1	0	48506	1	0	48507	1	0	48508	1	0	48509	1	0	48510	1	0	48511	1	0	48512	1	0	0	0	0	0	0	0	0	0	0	0	0	0	0	0	0	0	0	0	0	0	0	0	0	0	0	0	0	0	0	0	0	0	0	0	0	0	0	0	0	0	0	0	0	0	0	0	0	0	
//오크라상인		0				0			0			0			0			0			0			0			0			0			0			0			0			0			0			0			0			0			0			0			0			0			0			0			0			0	
65080	버서커-마다브(오크라)	0	0	9	1	0	10009	1	0	20009	1	0	30009	1	0	0	0	0	24	1	0	10024	1	0	20024	1	0	30024	1	0	0	0	0	0	0	0	0	0	0	0	0	0	0	0	0	0	0	0	0	0	0	0	0	0	0	0	0	0	0	0	0	0	0	0	0	0	0	0	0	0	0	0	0	0	0	0	0	0	
65080	버서커-마다브(오크라)	0	1	1008	1	0	1058	1	0	1108	1	0	1158	1	0	1208	1	0	1258	1	0	1308	1	0	1358	1	0	0	0	0	0	0	0	0	0	0	0	0	0	0	0	0	0	0	0	0	0	0	0	0	0	0	0	0	0	0	0	0	0	0	0	0	0	0	0	0	0	0	0	0	0	0	0	0	0	0	0	0	
65080	버서커-마다브(오크라)	0	2	11008	1	0	11058	1	0	11108	1	0	11158	1	0	11208	1	0	11258	1	0	11308	1	0	11358	1	0	0	0	0	0	0	0	0	0	0	0	0	0	0	0	0	0	0	0	0	0	0	0	0	0	0	0	0	0	0	0	0	0	0	0	0	0	0	0	0	0	0	0	0	0	0	0	0	0	0	0	0	
65080	버서커-마다브(오크라)	0	3	21008	1	0	21058	1	0	21108	1	0	21158	1	0	21208	1	0	21258	1	0	21308	1	0	21358	1	0	0	0	0	0	0	0	0	0	0	0	0	0	0	0	0	0	0	0	0	0	0	0	0	0	0	0	0	0	0	0	0	0	0	0	0	0	0	0	0	0	0	0	0	0	0	0	0	0	0	0	0	
65080	버서커-마다브(오크라)	0	4	31008	1	0	31058	1	0	31108	1	0	31158	1	0	31208	1	0	31258	1	0	31308	1	0	31358	1	0	0	0	0	0	0	0	0	0	0	0	0	0	0	0	0	0	0	0	0	0	0	0	0	0	0	0	0	0	0	0	0	0	0	0	0	0	0	0	0	0	0	0	0	0	0	0	0	0	0	0	0	
65081	드래곤-니킬(오크라)	0	0	39	1	0	10039	1	0	20039	1	0	30039	1	0	0	0	0	54	1	0	10054	1	0	20054	1	0	30054	1	0	0	0	0	0	0	0	0	0	0	0	0	0	0	0	0	0	0	0	0	0	0	0	0	0	0	0	0	0	0	0	0	0	0	0	0	0	0	0	0	0	0	0	0	0	0	0	0	0	
65081	드래곤-니킬(오크라)	0	1	1018	1	0	1068	1	0	1118	1	0	1168	1	0	1218	1	0	1268	1	0	1318	1	0	1368	1	0	0	0	0	0	0	0	0	0	0	0	0	0	0	0	0	0	0	0	0	0	0	0	0	0	0	0	0	0	0	0	0	0	0	0	0	0	0	0	0	0	0	0	0	0	0	0	0	0	0	0	0	
65081	드래곤-니킬(오크라)	0	2	11018	1	0	11068	1	0	11118	1	0	11168	1	0	11218	1	0	11268	1	0	11318	1	0	11368	1	0	0	0	0	0	0	0	0	0	0	0	0	0	0	0	0	0	0	0	0	0	0	0	0	0	0	0	0	0	0	0	0	0	0	0	0	0	0	0	0	0	0	0	0	0	0	0	0	0	0	0	0	
65081	드래곤-니킬(오크라)	0	3	21018	1	0	21068	1	0	21118	1	0	21168	1	0	21218	1	0	21268	1	0	21318	1	0	21368	1	0	0	0	0	0	0	0	0	0	0	0	0	0	0	0	0	0	0	0	0	0	0	0	0	0	0	0	0	0	0	0	0	0	0	0	0	0	0	0	0	0	0	0	0	0	0	0	0	0	0	0	0	
65081	드래곤-니킬(오크라)	0	4	31018	1	0	31068	1	0	31118	1	0	31168	1	0	31218	1	0	31268	1	0	31318	1	0	31368	1	0	0	0	0	0	0	0	0	0	0	0	0	0	0	0	0	0	0	0	0	0	0	0	0	0	0	0	0	0	0	0	0	0	0	0	0	0	0	0	0	0	0	0	0	0	0	0	0	0	0	0	0	
65095	섀도우-미카엘(오크라)	0	0	69	1	0	10069	1	0	20069	1	0	30069	1	0	0	0	0	84	1	0	10084	1	0	20084	1	0	30084	1	0	0	0	0	0	0	0	0	0	0	0	0	0	0	0	0	0	0	0	0	0	0	0	0	0	0	0	0	0	0	0	0	0	0	0	0	0	0	0	0	0	0	0	0	0	0	0	0	0	
65095	섀도우-미카엘(오크라)	0	1	1028	1	0	1078	1	0	1128	1	0	1178	1	0	1228	1	0	1278	1	0	1328	1	0	1378	1	0	0	0	0	0	0	0	0	0	0	0	0	0	0	0	0	0	0	0	0	0	0	0	0	0	0	0	0	0	0	0	0	0	0	0	0	0	0	0	0	0	0	0	0	0	0	0	0	0	0	0	0	
65095	섀도우-미카엘(오크라)	0	2	11028	1	0	11078	1	0	11128	1	0	11178	1	0	11228	1	0	11278	1	0	11328	1	0	11378	1	0	0	0	0	0	0	0	0	0	0	0	0	0	0	0	0	0	0	0	0	0	0	0	0	0	0	0	0	0	0	0	0	0	0	0	0	0	0	0	0	0	0	0	0	0	0	0	0	0	0	0	0	
65095	섀도우-미카엘(오크라)	0	3	21028	1	0	21078	1	0	21128	1	0	21178	1	0	21228	1	0	21278	1	0	21328	1	0	21378	1	0	0	0	0	0	0	0	0	0	0	0	0	0	0	0	0	0	0	0	0	0	0	0	0	0	0	0	0	0	0	0	0	0	0	0	0	0	0	0	0	0	0	0	0	0	0	0	0	0	0	0	0	
65095	섀도우-미카엘(오크라)	0	4	31028	1	0	31078	1	0	31128	1	0	31178	1	0	31228	1	0	31278	1	0	31328	1	0	31378	1	0	0	0	0	0	0	0	0	0	0	0	0	0	0	0	0	0	0	0	0	0	0	0	0	0	0	0	0	0	0	0	0	0	0	0	0	0	0	0	0	0	0	0	0	0	0	0	0	0	0	0	0	
65082	발키리-니사(오크라)	0	0	99	1	0	10099	1	0	20099	1	0	30099	1	0	0	0	0	114	1	0	10114	1	0	20114	1	0	30114	1	0	0	0	0	0	0	0	0	0	0	0	0	0	0	0	0	0	0	0	0	0	0	0	0	0	0	0	0	0	0	0	0	0	0	0	0	0	0	0	0	0	0	0	0	0	0	0	0	0	
65082	발키리-니사(오크라)	0	1	1038	1	0	1088	1	0	1138	1	0	1188	1	0	1238	1	0	1288	1	0	1338	1	0	1388	1	0	0	0	0	0	0	0	0	0	0	0	0	0	0	0	0	0	0	0	0	0	0	0	0	0	0	0	0	0	0	0	0	0	0	0	0	0	0	0	0	0	0	0	0	0	0	0	0	0	0	0	0	
65082	발키리-니사(오크라)	0	2	11038	1	0	11088	1	0	11138	1	0	11188	1	0	11238	1	0	11288	1	0	11338	1	0	11388	1	0	0	0	0	0	0	0	0	0	0	0	0	0	0	0	0	0	0	0	0	0	0	0	0	0	0	0	0	0	0	0	0	0	0	0	0	0	0	0	0	0	0	0	0	0	0	0	0	0	0	0	0	
65082	발키리-니사(오크라)	0	3	21038	1	0	21088	1	0	21138	1	0	21188	1	0	21238	1	0	21288	1	0	21338	1	0	21388	1	0	0	0	0	0	0	0	0	0	0	0	0	0	0	0	0	0	0	0	0	0	0	0	0	0	0	0	0	0	0	0	0	0	0	0	0	0	0	0	0	0	0	0	0	0	0	0	0	0	0	0	0	
65082	발키리-니사(오크라)	0	4	31038	1	0	31088	1	0	31138	1	0	31188	1	0	31238	1	0	31288	1	0	31338	1	0	31388	1	0	0	0	0	0	0	0	0	0	0	0	0	0	0	0	0	0	0	0	0	0	0	0	0	0	0	0	0	0	0	0	0	0	0	0	0	0	0	0	0	0	0	0	0	0	0	0	0	0	0	0	0	
65079	엘리-자얀티(오크라)	0	0	145	1	0	10145	1	0	20145	1	0	30145	1	0	0	0	0	160	1	0	10160	1	0	20160	1	0	30160	1	0	0	0	0	0	0	0	0	0	0	0	0	0	0	0	0	0	0	0	0	0	0	0	0	0	0	0	0	0	0	0	0	0	0	0	0	0	0	0	0	0	0	0	0	0	0	0	0	0	
65079	엘리-자얀티(오크라)	0	1	1048	1	0	1098	1	0	1148	1	0	1198	1	0	1248	1	0	1298	1	0	1348	1	0	1398	1	0	0	0	0	0	0	0	0	0	0	0	0	0	0	0	0	0	0	0	0	0	0	0	0	0	0	0	0	0	0	0	0	0	0	0	0	0	0	0	0	0	0	0	0	0	0	0	0	0	0	0	0	
65079	엘리-자얀티(오크라)	0	2	11048	1	0	11098	1	0	11148	1	0	11198	1	0	11248	1	0	11298	1	0	11348	1	0	11398	1	0	0	0	0	0	0	0	0	0	0	0	0	0	0	0	0	0	0	0	0	0	0	0	0	0	0	0	0	0	0	0	0	0	0	0	0	0	0	0	0	0	0	0	0	0	0	0	0	0	0	0	0	
65079	엘리-자얀티(오크라)	0	3	21048	1	0	21098	1	0	21148	1	0	21198	1	0	21248	1	0	21298	1	0	21348	1	0	21398	1	0	0	0	0	0	0	0	0	0	0	0	0	0	0	0	0	0	0	0	0	0	0	0	0	0	0	0	0	0	0	0	0	0	0	0	0	0	0	0	0	0	0	0	0	0	0	0	0	0	0	0	0	
65079	엘리-자얀티(오크라)	0	4	31048	1	0	31098	1	0	31148	1	0	31198	1	0	31248	1	0	31298	1	0	31348	1	0	31398	1	0	0	0	0	0	0	0	0	0	0	0	0	0	0	0	0	0	0	0	0	0	0	0	0	0	0	0	0	0	0	0	0	0	0	0	0	0	0	0	0	0	0	0	0	0	0	0	0	0	0	0	0	
65087	잡화-릴리난	0	0	4001	1	0	4002	1	0	4003	1	0	4004	1	0	4193	1	0	6622	1	0	7241	1	0	3301	1	0	6741	1	0	7278	1	0	7279	1	0	7280	1	0	7281	1	0	7291	1	0	6951	1	0	6952	1	0	6953	1	0	6954	1	0	0	0	0	0	1	0	0	0	0	0	0	0	0	0	0	0	0	0	0	0	0	
65086	잡화-아브하	0	0	4001	1	0	4002	1	0	4003	1	0	4004	1	0	4193	1	0	6622	1	0	7241	1	0	3301	1	0	6741	1	0	7278	1	0	7279	1	0	7280	1	0	7281	1	0	7291	1	0	6951	1	0	6952	1	0	6953	1	0	6954	1	0	0	0	0	0	1	0	0	0	0	0	0	0	0	0	0	0	0	0	0	0	0	
65426	비밀요원나리샤(랜덤)_비밀상점_벨트헨	0	0	48501	1	0	48505	1	0	48506	1	0	48507	1	0	48508	1	0	48509	1	0	48510	1	0	48511	1	0	48512	1	0	0	0	0	0	0	0	0	0	0	0	0	0	0	0	0	0	0	0	0	0	0	0	0	0	0	0	0	0	0	0	0	0	0	0	0	0	0	0	0	0	0	0	0	0	0	0	0	0	
//필드상인						0			0			0			0			0			0			0			0			0			0			0			0			0			0			0			0			0			0			0			0			0			0			0			0			0	
63752	주술사코르밋	0	0	4002	1	0	7241	1	0	0	0	0	0	0	0	0	0	0	0	0	0	0	0	0	0	0	0	0	0	0	0	0	0	0	0	0	0	0	0	0	0	0	0	0	0	0	0	0	0	0	0	0	0	0	0	0	0	0	0	0	0	0	0	0	0	0	0	0	0	0	0	0	0	0	0	0	0	0	
63761	야수의숲클레어	0	0	4002	1	0	7241	1	0	0	0	0	0	0	0	0	0	0	0	0	0	0	0	0	0	0	0	0	0	0	0	0	0	0	0	0	0	0	0	0	0	0	0	0	0	0	0	0	0	0	0	0	0	0	0	0	0	0	0	0	0	0	0	0	0	0	0	0	0	0	0	0	0	0	0	0	0	0	
63756	보급대원테드	0	0	4002	1	0	7241	1	0	0	0	0	0	0	0	0	0	0	0	0	0	0	0	0	0	0	0	0	0	0	0	0	0	0	0	0	0	0	0	0	0	0	0	0	0	0	0	0	0	0	0	0	0	0	0	0	0	0	0	0	0	0	0	0	0	0	0	0	0	0	0	0	0	0	0	0	0	0	
63766	율린(잡화상인)-1	0	0	4002	1	0	4003	1	0	4193	1	0	6622	1	0	7241	1	0	3301	1	0	0	0	0	0	0	0	0	0	0	0	0	0	0	0	0	0	0	0	0	0	0	0	0	0	0	0	0	0	0	0	0	0	0	0	0	0	0	0	0	0	0	0	0	0	0	0	0	0	0	0	0	0	0	0	0	0	0	
//63766	율린(잡화상인)-1	0	1	167	1	0	10167	1	0	20167	1	0	30167	1	0	0	0	0	168	1	0	10168	1	0	20168	1	0	30168	1	0	0	0	0	0	0	0	0	0	0	0	0	0	0	0	0	0	0	0	0	0	0	0	0	0	0	0	0	0	0	0	0	0	0	0	0	0	0	0	0	0	0	0	0	0	0	0	0	0	
//63766	율린(잡화상인)-1	0	2	169	1	0	10169	1	0	20169	1	0	30169	1	0	0	0	0	170	1	0	10170	1	0	20170	1	0	30170	1	0	0	0	0	0	0	0	0	0	0	0	0	0	0	0	0	0	0	0	0	0	0	0	0	0	0	0	0	0	0	0	0	0	0	0	0	0	0	0	0	0	0	0	0	0	0	0	0	0	
//63766	율린(잡화상인)-1	0	3	171	1	0	10171	1	0	20171	1	0	30171	1	0	0	0	0	172	1	0	10172	1	0	20172	1	0	30172	1	0	0	0	0	0	0	0	0	0	0	0	0	0	0	0	0	0	0	0	0	0	0	0	0	0	0	0	0	0	0	0	0	0	0	0	0	0	0	0	0	0	0	0	0	0	0	0	0	0	
//63766	율린(잡화상인)-1	0	4	173	1	0	10173	1	0	20173	1	0	30173	1	0	0	0	0	174	1	0	10174	1	0	20174	1	0	30174	1	0	0	0	0	0	0	0	0	0	0	0	0	0	0	0	0	0	0	0	0	0	0	0	0	0	0	0	0	0	0	0	0	0	0	0	0	0	0	0	0	0	0	0	0	0	0	0	0	0	
63775	안톤(잡화상인)-2	0	0	4002	1	0	4003	1	0	4193	1	0	6622	1	0	7241	1	0	3301	1	0	0	0	0	0	0	0	0	0	0	0	0	0	0	0	0	0	0	0	0	0	0	0	0	0	0	0	0	0	0	0	0	0	0	0	0	0	0	0	0	0	0	0	0	0	0	0	0	0	0	0	0	0	0	0	0	0	0	
63921	괴인(붉은용암의계곡)	0	0	3024	1	0	3025	1	0	3026	1	0	3027	1	0	3028	1	0	7241	1	0	40496	1	0	40503	1	0	0	0	0	0	0	0	0	0	0	0	0	0	0	0	0	0	0	0	0	0	0	0	0	0	0	0	0	0	0	0	0	0	0	0	0	0	0	0	0	0	0	0	0	0	0	0	0	0	0	0	0	
//미션상인						0			0			0			0			0			0			0			0			0			0			0			0			0			0			0			0			0			0			0			0			0			0			0			0			0	
64512	보급대원훔버(상인)	0	0	4002	1	0	4003	1	0	7241	1	0	3301	1	0	0	0	0	0	0	0	0	0	0	0	0	0	0	0	0	0	0	0	0	0	0	0	0	0	0	0	0	0	0	0	0	0	0	0	0	0	0	0	0	0	0	0	0	0	0	0	0	0	0	0	0	0	0	0	0	0	0	0	0	0	0	0	0	
64016	화산M상인_여행상인슈펜	0	0	4003	1	0	7241	1	0	3301	1	0	3301	1	0	0	0	0	0	0	0	0	0	0	0	0	0	0	0	0	0	0	0	0	0	0	0	0	0	0	0	0	0	0	0	0	0	0	0	0	0	0	0	0	0	0	0	0	0	0	0	0	0	0	0	0	0	0	0	0	0	0	0	0	0	0	0	0	
//트링겔리뉴얼추가상인						0			0			0			0			0			0			0			0			0			0			0			0			0			0			0			0			0			0			0			0			0			0			0			0			0	
62111	슈토르(트링겔추가잡화)	0	0	4001	1	0	4002	1	0	4193	1	0	6622	1	0	7241	1	0	3301	1	0	6741	1	0	7278	1	0	7279	1	0	7280	1	0	7281	1	0	7291	1	0	6951	1	0	6952	1	0	6953	1	0	6954	1	0	0	0	0	0	0	0	0	0	0	0	0	0	0	0	0	0	0	0	0	0	0	0	0	0	0	0	0	
//대만_크리스마스이벤트상인						0			0			0			0			0			0			0			0			0			0			0			0			0			0			0			0			0			0			0			0			0			0			0			0			0	
//63908	대만_산타클로스	100	0	40267	1	0	40268	1	0	40269	1	0	40270	1	0	0	0	0	0	0	0	0	0	0	0	0	0	0	0	0	0	0	0	0	0	0	0	0	0	0	0	0	0	0	0	0	0	0	0	0	0	0	0	0	0	0	0	0	0	0	0	0	0	0	0	0	0	0	0	0	0	0	0	0	0	0	0	0	
//마부(탈것상인)						0			0			0			0			0			0			0			0			0			0			0			0			0			0			0			0			0			0			0			0			0			0			0			0			0	
65418	브랜든(마부)	0	0	3400	1	0	3403	1	0	3406	1	0	3600	1	0	3601	1	0	3602	1	0	3605	1	0	3606	1	0	3607	1	0	3608	1	0	3609	1	0	3610	1	0	0	0	0	0	0	0	0	0	0	0	0	0	0	0	0	0	0	0	0	0	0	0	0	0	0	0	0	0	0	0	0	0	0	0	0	0	0	0	0	
